-1.4067177095934777 -0.4086547473651541 -0.8563383246366449 0.38173090668444104
-1.27219401698137 -0.3045938059552151 -0.7117972145989986 0.4404932584658441
-1.1854947771652595 -0.2499239883124854 -0.6365292184559292 0.4718816121741968
-1.1158789289574407 -0.18626009544542318 -0.5788437595372915 0.4988676420717746
-1.056364775425418 -0.13109797625489247 -0.5269758894600132 0.5166023864072702
-1.0036684992216756 -0.09658656691585327 -0.48119222091907005 0.532347945556243
-0.9561462220325665 -0.03809666451632479 -0.43393276561370747 0.5417812634764423
-0.9128870968168631 -0.02311312183430306 -0.39671732384176756 0.5503825281020696
-0.8724060667697373 0.03122019584195929 -0.35520306879056335 0.5617477903391299
-0.835269881555922 0.05561180823973146 -0.3189391519871066 0.5683110916422288
-0.8002663546626054 0.09780081657848368 -0.2821017791640062 0.5740696938869146
-0.7671916826437885 0.11460360001261057 -0.2534251169445179 0.5790274132800859
-0.7365476457720825 0.15073666865173693 -0.225960050093751 0.581206910934473
-0.7073276227265098 0.1775566589415804 -0.1945436038737768 0.5849688461933235
-0.679676604850588 0.19579163145725847 -0.16770242265029348 0.5865518978074097
-0.6537162310270009 0.2383333862405248 -0.13996482229728646 0.5891236607424155
-0.6293737812936789 0.25252050777988794 -0.11147248274567417 0.5901129763816462
-0.606288596234441 0.27067552544898305 -0.09161132738347808 0.5909050003833735
-0.5846252670006828 0.30125101637142554 -0.06987719042215895 0.5918985235398747
-0.5648569619319674 0.33744246193781574 -0.04743982467541953 0.5921007493176704
-0.546564981045076 0.35982666721692064 -0.03154168280874547 0.5921071429296381
-0.5305222509009598 0.37295577068056346 -0.013994373838963516 0.5878363410860508
-0.5141731093435373 0.3884853937247965 0.005006890943411334 0.5889839632763415
-0.49819990178804135 0.36995522909243966 0.01770949358862906 0.5911218995978389
-0.48028237895266856 0.3666070601923897 0.03499825362296671 0.5901652343233894
-0.4612059451758126 0.3477664586236091 0.05362652111681093 0.5890478302872513
-0.44109270350103014 0.34196713945464113 0.073414999003998 0.5863300281891146
-0.4201960575832091 0.35367371947263526 0.09437652413166103 0.5847294575962302
-0.39858321716198725 0.3471499854504091 0.11576482180323633 0.5829677983823977
-0.37659048649714727 0.3603066673500868 0.13768867890904707 0.5810451701691898
-0.3539811696374293 0.3553466814841012 0.16004718616516211 0.5789617712657097
-0.3308632529268415 0.365191525594947 0.18082748605771817 0.5743138374279875
-0.3074335697203389 0.3724506948593443 0.20757674357806483 0.5717500770505209
-0.2838049698253572 0.3795578658862763 0.22647356834981058 0.5690270921193432
-0.25968783913579846 0.3876837789474716 0.25458097768372295 0.5631057874361582
-0.2353881364047696 0.39777274132974244 0.27333214380837445 0.5599088100936659
-0.21089609093367942 0.4072744014984018 0.30090675580518217 0.5530460685757533
-0.18615838371363305 0.4169708831403092 0.3213986859268618 0.5493820481639311
-0.1612932226157534 0.4277836204242028 0.34590530494404387 0.5455641985254163
-0.13620368128098587 0.4389413598899115 0.3663443943951752 0.5374712046806568
-0.11123137056759465 0.44995469033996466 0.3908750147986554 0.5331983130974434
-0.0858566983798293 0.460283270278024 0.4134038134301272 0.5242058323449313
-0.060629984686516016 0.4729187565996531 0.43679497559740205 0.5194888609361371
-0.035213683288459134 0.48384857965493117 0.4594646967932881 0.5096204451366861
-0.009869420643110732 0.49543268313569533 0.4813228868271145 0.5051111249987985
0.015413598322554227 0.5070313211600332 0.49345864456314004 0.5247023994694394
0.04090566745613134 0.5188849110651269 0.484902875654227 0.5441936889971832
0.06615188476795585 0.5297823501816978 0.47665151388462557 0.564534570865801
0.0915657644008743 0.5414907806846734 0.47068398814420337 0.5862102022484871
0.11666471669956623 0.5516454415679684 0.45836042061430543 0.6060024710652251
0.1418072640803801 0.5634482846988361 0.4520083533171476 0.6265689039928598
0.16679490942934444 0.5721424581633489 0.4389339908833997 0.6439237381417172
0.19164356746400915 0.5845862095636984 0.4322159916007091 0.665217058000759
0.21633724312565814 0.5943289896434484 0.42538039937815847 0.68014389078034
0.24074813434909823 0.6009834168741407 0.41136561113272935 0.69928920425468
0.2650781319110744 0.6154794874600349 0.4041911348173547 0.7174217629217046
0.2889916225521799 0.618662768713948 0.3895202140583204 0.732695765233256
0.3126952920883572 0.6331499539245964 0.3820288074498547 0.746710279716885
0.33602986796636725 0.6376817580983783 0.37443688430007316 0.7651368104143088
0.3590071453399804 0.6415974330339983 0.3667470976268155 0.7785856780380819
0.3813867425646029 0.6514427100378091 0.3510848183724963 0.7916238992826345
0.40348302560845206 0.6544090017954085 0.3431179063125382 0.804330326070789
0.424927836512926 0.6617497288941645 0.33506429333862847 0.8169603623330112
0.44560100903381156 0.6603126573883961 0.326926911685408 0.8290466744476145
0.46547186754958075 0.6667749647136992 0.31870875233036455 0.840099846842689
0.48434445866864473 0.6639710126598962 0.31041286636383136 0.8489805757665192
0.5019077608166544 0.6636994629490579 0.30204236657298633 0.8581510497739853
0.5175519867056178 0.6518535105336865 0.2936004292653504 0.8634527964289587
0.5269964734230836 0.6385868933283191 0.28509029636075256 0.86942642185449
0.5418972904160606 0.6720165675372641 0.2765152777847087 0.8772918489544627
0.5597528524334282 0.6740106885110013 0.26787875420077345 0.8857983798204616
0.5791775827920405 0.6932526772082114 0.2591841801247683 0.8958908729261549
0.6005679288383158 0.6922814049099885 0.2504350874700044 0.9051036779003657
0.6232542118489061 0.701523180724958 0.23278788581244342 0.9147520464118775
0.6475096944006886 0.7135670738408206 0.2238972667523198 0.9258090842151231
0.6732775762595011 0.7084549961049724 0.20600143758638245 0.9343544033440927
0.7007673434620169 0.7222862075547357 0.19700432228825854 0.9439508689521012
0.7296140676479318 0.7310248923370355 0.17893281758336996 0.9527424559106715
0.7603150893325509 0.7216756765799319 0.16078802660023264 0.9636075859836237
0.793195757814464 0.7294428915899062 0.14260785879829432 0.9717618522656506
0.8279364706986077 0.7423706858699338 0.12443322917132574 0.9780221789064492
0.86516646253838 0.7316574758090436 0.10630874188556544 0.9835086539465241
0.9052876162568531 0.7421139246552901 0.08828360366933266 0.99213270678544
0.9485814450276705 0.7266279303388175 0.06155458335773202 0.9952599187875929
0.9958883889491256 0.7293785677118769 0.03539470437992648 0.9991255406475339
1.0484394594541253 0.7257171853021229 0.010082894938092389 0.9998566764929068
1.1078674589376845 0.714348418443376 -0.01400840215008936 0.998885579224398
1.1771535318470734 0.6995981995145664 -0.049893428759161695 0.9947942431403758
1.2637939104950355 0.6674175999191971 -0.07933824841223641 0.9824216430691454
1.3972334232103139 0.6397378684223964 -0.08259988649685829 0.9622192202037956
