-1.4071145662413822 0.5995876058159482 -0.15877976552150494 0.9578262475276156
-1.2713588076454558 0.6548342935646064 -0.13440670198803145 0.9814834377230178
-1.1840660486122627 0.6837304897267149 -0.08865017091858718 0.9932726630311
-1.1137684462742778 0.6966110929658437 -0.053685558243718616 0.9981473532422261
-1.0537941752284976 0.7109865225467469 -0.016837705868338215 0.9999197021849155
-1.0007992984689613 0.7292920976057771 0.011572145608521378 0.9995917010550796
-0.9527661295857898 0.7266068594740536 0.04039408765515784 0.9965255615511879
-0.9090937293300654 0.7268847209545959 0.06945142049329464 0.9902720620152204
-0.8685642848524452 0.7379343240292696 0.0888793549676481 0.9859593939501325
-0.8310217211626539 0.7323069403717152 0.10830599738868954 0.9799540090546225
-0.7955671218104094 0.7229676331137977 0.12769481016035766 0.968954127699753
-0.7627221695075522 0.7272412246112268 0.1470114891168352 0.9609399284853383
-0.7315945532492527 0.7202599896256668 0.16622355174118017 0.9528421745416843
-0.702241423347851 0.7168968485966822 0.18530003306901727 0.9440838441154518
-0.6745743683550798 0.7117621889390306 0.20421125977687962 0.9342865528365727
-0.6486240845987525 0.7135858176750629 0.21359594055231823 0.9246279431413638
-0.6239722789592946 0.6948223902017917 0.2229286818093717 0.9137331722888425
-0.6008741997360194 0.6928381593467684 0.24142474686986995 0.9046486209120173
-0.579604931169683 0.6875672297222039 0.2505814097941245 0.8968054100273829
-0.5596412293564479 0.6759010268844748 0.2596728071933634 0.8865590534690145
-0.5417628759474161 0.6674822086569703 0.2686957381777069 0.8791493949063145
-0.525549245222353 0.6677669598703778 0.277647050870672 0.8704531737116437
-0.509473273921007 0.6587189522315134 0.28652364122004415 0.8623543007012051
-0.4927717793848563 0.6615860023832151 0.2953224520066601 0.8536838006543291
-0.4745987088272324 0.6606648039931895 0.30404047202794804 0.8443148678838985
-0.45520820035204 0.6674426529317995 0.3126747354359762 0.8327875415566883
-0.43489807541728015 0.6621840464187827 0.32122232121227323 0.8231240467409073
-0.41393292826866607 0.6508178907009412 0.3380459976266736 0.8102198513524467
-0.39239854797673623 0.6536891566377191 0.34631646726463344 0.7970402144014517
-0.37020533793944793 0.647040458979938 0.3544890169531183 0.7836850514927982
-0.34751971470599546 0.6418037555130099 0.3625609457379629 0.7696180998032862
-0.32448128501985385 0.6271076729841554 0.3783923558466927 0.7559899436103559
-0.30117782296702345 0.6274604430487846 0.3861466546376315 0.7421006836172669
-0.27736088169041057 0.618143442377809 0.3937899677823471 0.7250226890416943
-0.2534083204128005 0.6067907148529823 0.40714840543576697 0.7075290221848446
-0.229207207166804 0.6006400626952146 0.41602941091483103 0.690504527630544
-0.20467574301885863 0.5870659488982796 0.42320442374547973 0.6727163958323514
-0.1800919431159873 0.5792223955451632 0.43718337947566144 0.6546221275093093
-0.1552690748073158 0.5700912232616334 0.4439828610205972 0.6355589066731816
-0.13039406604531464 0.5565186260269372 0.45641676091339606 0.6164134247850948
-0.10533055664388696 0.5481405884753069 0.4635955362719883 0.5975370797914267
-0.08014029351164294 0.5355258830084442 0.4698642866908745 0.5762499835633118
-0.05509990223512461 0.5256627341465882 0.4819866906363904 0.5563394661365181
-0.029758684835018204 0.5131805522101653 0.48783655446579555 0.5342259113405972
-0.004568133486484453 0.5021396776908991 0.4934040628314049 0.5147478504224428
0.020784863235257262 0.49042751805712564 0.4721399677345387 0.5097852183640939
0.045933345016799514 0.47912023443183344 0.4492205703747467 0.514901225299994
0.07120213486585181 0.4674822851103799 0.42986444924848005 0.5198655662518223
0.09631586758399723 0.45629445725836776 0.40401607469090517 0.529333269250847
0.12136980918876096 0.44335893677511173 0.3823992225000783 0.5338337756556676
0.1463952905840556 0.43514926517825936 0.3580232484703607 0.5423613693942073
0.17113209177560265 0.4221605104052647 0.33443465994695537 0.5463859315940638
0.1959087403666773 0.4132266359380659 0.3132727474307378 0.5539506966719666
0.22045393484409462 0.4030601456941219 0.2871194508533128 0.5574887151413317
0.24466697722282874 0.39318158740346326 0.26740266108934535 0.560862464677744
0.26889461400465 0.38602470784157894 0.2420164566867724 0.5671134316813603
0.29258380767388303 0.37365187331200456 0.22056279373778087 0.5699889360061776
0.3161607246426205 0.3642466389577109 0.19456720673864758 0.5726967464519603
0.33940732852608135 0.3646301722676371 0.17455320528019236 0.5776065319245555
0.3620788743928085 0.3551517650668518 0.15090861643207434 0.5798072866138428
0.38443279062139357 0.3503523273734622 0.1293374071395763 0.5818379083237921
0.40630216928740437 0.3435635250662668 0.10829105265821456 0.5836979470535048
0.4275103702725022 0.350899112489447 0.0878712008802293 0.5869048047015706
0.4480499593777832 0.34700732911669874 0.06818237701674533 0.5882510556740875
0.467713009663077 0.35028653848589425 0.049212701223038 0.5894255898785233
0.4863996538051762 0.3587992121807017 0.031505078460995595 0.5904282956994745
0.5037359733452331 0.3783301814679548 0.015236225527934799 0.5912591326434624
0.5189928489138101 0.42146258866276537 0.0003311459327492439 0.5919181327034155
0.5281731992196153 0.43389548112014287 -0.009595048663334771 0.5919181327034155
0.5433454766052797 0.36352569343109703 -0.02819227387049112 0.5922563211609008
0.5607479300453463 0.3333166744530691 -0.04524969902524461 0.5924109990918623
0.5796434374994449 0.31703502514316434 -0.06154172688722563 0.5923820833193091
0.5999569291771801 0.28494214646217453 -0.08341874738065329 0.5921695445645939
0.6208965452385056 0.25974082404387294 -0.10521534481636234 0.5917734072309295
0.6422491067875302 0.24524829778295176 -0.12580466227995366 0.5904307012542831
0.6676319555949377 0.2154052723172536 -0.15406899569297824 0.5894844472738783
0.6947009912485782 0.1825241400365442 -0.1833701644456082 0.5883552232826732
0.7234744399958711 0.17039630622110685 -0.2119681880741202 0.585549068557522
0.7535939062666671 0.1334924854364605 -0.23972197774979043 0.5820151537289446
0.7859005878297984 0.1100583261654924 -0.2688512736350985 0.5799764173950891
0.8202022298477004 0.07642877466884962 -0.3049290330802026 0.5753580760989367
0.856537728931461 0.041397410278064976 -0.3414453950230671 0.5700227109273344
0.8958964449004526 0.013516690462707875 -0.3773550059793293 0.5606876536625814
0.9378859063122248 -0.03591488555168237 -0.4204247922483213 0.5535856317728074
0.9838603096378586 -0.07167513627403345 -0.46298612033416064 0.5457889411739633
1.0343304613950364 -0.10921566374987807 -0.505762330152853 0.5328081552464743
1.0906246406457396 -0.15326511255114678 -0.5587740874980971 0.5183085105891222
1.1552326786504747 -0.2001931760539209 -0.6138153970765076 0.5023170138377054
1.2328622611844424 -0.2662296754957386 -0.6747901763063584 0.4724119547010488
1.3362024303576991 -0.3411675079330294 -0.7697057117175514 0.4455838806371126
