0.022093097285389985 0.7982923152282498 0.7885381093338595 0.8056030388689163
0.08588904178078331 0.7751946736221651 0.7600536580092048 0.788533199735391
0.16858343303311704 0.7405999960055261 0.7186698931660109 0.7600474310991556
0.2685885560045746 0.6920411461178655 0.6624672543207294 0.718606275125102
0.38580766143756384 0.6263780925464896 0.5875439603879299 0.6624599548761536
0.5207640370011551 0.5402203596766123 0.48992560122180356 0.5875209298927557
0.6732811334455833 0.4311630656305806 0.36880806613367445 0.4897057538517266
0.8432162399303178 0.29804689089457675 0.22461724056674504 0.36868807746713894
1.0291158806456622 0.14281329903014847 0.059945598315494904 0.22460092210066185
1.227573453171166 -0.028120722979321756 -0.1165940251128798 0.059286874057062774
1.4351356958149166 -0.20555632115633055 -0.29344852948253025 -0.1167790389039195
1.6465349771331148 -0.37715280132250906 -0.4584870871541447 -0.29365476843630256
1.8556605438631357 -0.5304561527863142 -0.599162495824761 -0.4594537758872137
2.0575574489526427 -0.6566659436797018 -0.7093588893563201 -0.599235960670911
2.2469946923748534 -0.7510057781578935 -0.7875715459366897 -0.7093801288302661
2.421747621693384 -0.8143180023497463 -0.8363144756732915 -0.7875767016128021
2.5793588175797986 -0.8502234607713847 -0.8604699005885683 -0.8363750355779119
2.7192250232052615 -0.864464476526268 -0.8660254014108031 -0.8604707888406762
2.8415148495416416 -0.863083079564976 -0.8658942630395086 -0.8585369920664838
2.946331667608614 -0.8516274745009187 -0.8584953844207788 -0.843782948998663
3.034025249237734 -0.8348506981839114 -0.8437458575564694 -0.8258035635491953
3.1036454404010465 -0.8169589040000125 -0.8257962409357658 -0.8087305206067664
3.148200853194933 -0.8034488471505411 -0.8086267470048151 -0.7965249724177125
3.2007828588994705 -0.7852486432459305 -0.7965153832350036 -0.7720201535881299
3.2762068630070207 -0.755438299650238 -0.7720138979065998 -0.7365879878601013
3.368803158667961 -0.7130048429158958 -0.7365635438957885 -0.6867291800911077
3.4780523392069633 -0.6551284084080166 -0.6866978667508512 -0.6201276561490076
3.6043138133573986 -0.5785833461766976 -0.6200715450106923 -0.5330624614981425
3.747597549339932 -0.480665041435686 -0.5328326666556854 -0.4242338911697983
3.9076409508165106 -0.35980314983553807 -0.4238859762515009 -0.29112248649515354
4.083357194130719 -0.21670487332985763 -0.29098257216286355 -0.13840176998994166
4.2728786690908045 -0.05508722300781897 -0.13794203391828794 0.029503432224473932
4.473059766761997 0.11757846017163484 0.029537721971951265 0.20520227514453768
4.679329893116404 0.2904842451210655 0.20524915313790706 0.373923720198282
4.887077118890842 0.4521862104561732 0.37403630701259194 0.5268296289832642
5.090381900435284 0.5917058377023542 0.5269073861099483 0.6521815283245518
5.284318644383267 0.7022238604565928 0.6522042499059154 0.7469360081454994
5.465775727325463 0.7819433236294872 0.7471679177555232 0.8118122123921518
5.631632262194045 0.8324348299625093 0.8119353356869733 0.8490534597470187
5.7804029992659745 0.8583455324718121 0.8490963127131612 0.8645498100330125
5.9120639812138 0.8654720929521628 0.8642396745792135 0.8660254009909181
6.026462155830488 0.8594955990240555 0.8533368922909432 0.8642290329291464
6.123996292819763 0.8455155974902568 0.8370133171927926 0.8533236237125235
6.204391413037806 0.8279412338349917 0.8188429767600369 0.8370087185465868
6.265207382903545 0.8111091132748991 0.8056030388689162 0.8187835343269294
