-1.4062449016737313 0.098087996586604 -0.8563383246366449 0.9578262475276156
-1.2705059694749954 0.1842484027480246 -0.7117972145989986 0.9814834377230178
-1.1832039112752593 0.21174631624556947 -0.6365292184559292 0.9932726630311
-1.1129384762638799 0.25642855034798134 -0.5788437595372915 0.9981473532422261
-1.0529665115367681 0.2976392400433993 -0.5258014708726032 0.9999197021849155
-0.99996131076124 0.31102480313878905 -0.47511011722164365 0.9995917010550796
-0.9519644795124359 0.34647575028932664 -0.43393276561370747 0.9965255615511879
-0.9083125137787514 0.3675992342900612 -0.3908309198908537 0.9902720620152204
-0.867768744659885 0.3795930401403368 -0.35520306879056335 0.9859593939501325
-0.8302530754433187 0.39585558210758004 -0.3189391519871066 0.9799540090546225
-0.7948199030392503 0.41295703520663773 -0.2821017791640062 0.968954127699753
-0.7619789002636564 0.4278781558612458 -0.2448933905546651 0.9609399284853383
-0.7308700762634288 0.43596296144507757 -0.2158907445925452 0.9528421745416843
-0.7015364657460104 0.4492273282434766 -0.18813870366712615 0.9440838441154518
-0.6738861081350098 0.45950935809341065 -0.15957112203255142 0.9342865528365727
-0.6479411614955856 0.4710481665957522 -0.134444272965151 0.9246279431413638
-0.6233302232130447 0.4739382614133438 -0.10800608129161887 0.9137331722888425
-0.6002759092767574 0.49524196299305595 -0.08524267274408716 0.9046486209120173
-0.5790120496346886 0.500284832809671 -0.06288083633874263 0.8968054100273829
-0.5591000414360836 0.5076817654226835 -0.043472752008009215 0.8865590534690145
-0.5412763366689327 0.5185516115352906 -0.024089301275797167 0.87631953433063
-0.5264914954934912 0.5448419615649785 -0.004503522591526254 0.8704531737116437
-0.5166397460797493 0.5329511079624273 0.0019389464879430713 0.8653223362463166
-0.5007533783043663 0.5152697031637082 0.01770949358862906 0.8562941009364888
-0.4829508600808047 0.5146636008753667 0.034482594606358725 0.8479693268617112
-0.4638359852988824 0.5107015634731157 0.05362652111681093 0.8387071345818267
-0.4437934079453391 0.5124585155543493 0.073414999003998 0.8288112273437447
-0.4228806933008686 0.5011969398743691 0.09240586985575326 0.8168548165876449
-0.4012016987407228 0.49994189501201564 0.11216260941626588 0.804560352410079
-0.3790379380527643 0.5068127007163773 0.13768867890904707 0.7902658682660428
-0.3563931616268611 0.5027745526465831 0.16004718616516211 0.7741459553757641
-0.3332590596232711 0.49853126611996795 0.17898510208337537 0.7605487260008326
-0.3096304449758756 0.501137071738502 0.20159647969124034 0.7467171504713603
-0.2859163420806466 0.5021880023764305 0.22647356834981058 0.7305798093579152
-0.26168222375109806 0.49977645711253815 0.2489331688275294 0.7139577208608524
-0.23722615740287556 0.4999866672019479 0.27333214380837445 0.6963209381247157
-0.21268975520867006 0.5020450100416842 0.29541716008037816 0.6784816007538667
-0.18772817451454774 0.49848289139188157 0.31939658429743895 0.6607861398353336
-0.16276715318247884 0.5014175383407155 0.34590530494404387 0.64193099971397
-0.13753615699403204 0.5007424359225141 0.36634178949539953 0.6220919147422584
-0.11238943250866117 0.4995616943215996 0.3908750147986554 0.6029881778060554
-0.08691728911641436 0.5001795399315395 0.41290429905810333 0.5834277035913086
-0.06148836632460746 0.49985046371557645 0.4348822979153064 0.5616850380828209
-0.03598127182456283 0.5004859506602336 0.458506299901741 0.5394244668359525
-0.010456278704477209 0.49991592942711316 0.4806700020205945 0.5194002042217031
0.014982226256350342 0.4999230914643731 0.4754889543242955 0.5237162404072367
0.040617654011755926 0.4999528682482642 0.45500053312134375 0.5441936889971832
0.06600103740800896 0.49956849100072537 0.43145701820429383 0.564534570865801
0.0915615897875938 0.49974486598724255 0.4108365688478807 0.5862102022484871
0.11681503436858535 0.49930154999451193 0.3866601023411025 0.6070720407032077
0.14213972428931726 0.4980999928774652 0.36054946202625904 0.6265689039928598
0.16721420630366218 0.4985329772985271 0.341793442382614 0.6463710261772052
0.1922667952264292 0.4950536649308242 0.3146846317417583 0.665217058000759
0.21705805482023202 0.5012261420376507 0.2927280350683085 0.6829180955941986
0.24161253463900698 0.49618945891637417 0.26864231954165946 0.7007341375091638
0.26612325695657973 0.49587092075302686 0.24627783024483113 0.7174217629217046
0.29011664951889976 0.49885522692491013 0.22189754809021334 0.732695765233256
0.31391023127302814 0.49943088549092274 0.19895286447257982 0.7482738790115712
0.33745832085443433 0.4993663200429233 0.17455320528019236 0.7651368104143088
0.360449216874301 0.4979192138212421 0.15505773779873733 0.7785856780380819
0.38302425914853316 0.49780228314764674 0.1293374071395763 0.7916238992826345
0.4052014109889882 0.5011372375431083 0.10829105265821456 0.8052017237199383
0.4266653243729268 0.501661576657065 0.0878712008802293 0.8182515771039566
0.44744378696124987 0.5036707071598545 0.06818237701674533 0.8290466744476145
0.4673184948781416 0.5030923322263359 0.049212701223038 0.840099846842689
0.4862134133026839 0.5060307377490687 0.029311360603266723 0.8489805757665192
0.5037229628078949 0.5236720893354367 0.015236225527934799 0.8581510497739853
0.5190874562254915 0.5355719340876475 0.0003311459327492439 0.8634527964289587
0.5284471105933913 0.5414324496213587 -0.009595048663334771 0.86942642185449
0.5439593655523423 0.5081266579388306 -0.02819227387049112 0.8793504023183241
0.5618363993823493 0.505720449266113 -0.04524969902524461 0.8882811350227355
0.5814313067466901 0.49090969198142176 -0.0667894579466151 0.8958908729261549
0.6024683503430615 0.4842393029544362 -0.08722564021981755 0.9061228892935353
0.6243996311667986 0.4608991930593978 -0.106410717318868 0.9147520464118775
0.6478655527705144 0.4717472016709786 -0.13559627546967343 0.9258090842151231
0.6739038095219996 0.4596614882273029 -0.1589321007649411 0.9343544033440927
0.7016509951821301 0.45098948309449755 -0.18429870577004295 0.9439508689521012
0.7307182084286459 0.4420127932434716 -0.21869086213461544 0.9544160211616826
0.7619297927557294 0.4158966465086832 -0.24958647106579113 0.9636075859836237
0.7950668397111463 0.41193125298950484 -0.2806589757585092 0.9717618522656506
0.8300522497392064 0.4096042957222456 -0.3134208250163375 0.9780221789064492
0.8678694811736922 0.3676557951437328 -0.35104824734698037 0.9841807437014111
0.9082176840885312 0.3691182038900249 -0.38532832004141054 0.99213270678544
0.9521663346653023 0.33597613304491225 -0.43021019434306895 0.9952599187875929
0.9998669044875723 0.3197804849823675 -0.4808512707131678 0.9991255406475339
1.052993547790438 0.28897574310038254 -0.5278011945012288 0.9998566764929068
1.1129773002391323 0.26224628291602164 -0.5772804476831049 0.998885579224398
1.1830317665490024 0.23041742392263226 -0.6427370342932367 0.9947942431403758
1.270635539698064 0.17002710075168145 -0.7171689924778248 0.9824216430691454
1.4061893144611624 0.09877788359254358 -0.831603090255831 0.9609524996256681
