x [kpc]; y [kpc]; z [kpc]; vx [km/s]; vy [km/s]; vz [km/s];      l [deg]; b [deg]; dist [kpc]; vlos [km/s]; dmu_l [marcsec/yr]; dmu_b [marcsec/yr];       edist[kpc]; evlost [km/s]; edmu_l [marcsec/yr]; edmu_b [marcsec/yr];      name;
-19.71 -128.78 25.78 -105.69 -28.39 80.23 264.94 11.27 131.83 290.7 -0.1477 0.0264 7.13 0.54 0.011 0.0105 Antlia2
28.44 53.13 -86.08 154.15 45.43 34.51 55.33 -53.13 107.65 -71.1 -0.4521 -0.0967 3.54 2.67 0.0971 0.0961 Aquarius2
15.02 -0.77 62.17 152.99 -92.85 55.55 358.1 69.42 66.37 99.0 -1.0558 -0.4012 2.83 2.16 0.011 0.0111 Bootes1
6.78 -1.65 38.86 -321.62 -104.23 -3.99 353.75 68.67 41.69 -117.0 -1.9361 1.3595 1.24 5.42 0.0822 0.0845 Bootes2
2.88 37.04 214.34 -0.97 84.57 66.88 73.2 79.77 217.77 30.9 -0.0335 0.1593 11.31 0.62 0.0205 0.0218 CanesVenatici1
-15.85 18.62 158.72 35.4 -2.57 -92.56 112.08 82.78 159.96 -128.9 0.0927 0.2946 4.89 1.31 0.0749 0.0675 CanesVenatici2
-25.17 -95.94 -39.7 -25.49 -62.59 173.5 260.03 -22.19 105.2 222.9 0.0343 0.5423 7.17 0.1 0.0099 0.0109 Carina
-8.35 -34.54 -10.62 122.18 -301.18 156.03 269.92 -17.14 36.14 477.2 0.6529 1.7677 0.83 1.26 0.0193 0.0136 Carina2
-8.33 -26.6 -8.03 -2.15 -160.95 363.41 269.94 -16.85 27.8 284.6 -0.0975 3.4779 1.39 3.53 0.0668 0.0567 Carina3
-107.55 -124.91 -87.5 178.71 -99.99 -11.09 231.53 -28.75 181.97 153.7 0.4004 0.0735 20.18 5.43 0.0706 0.0654 Columba1
-10.43 -4.28 43.42 258.35 -27.5 91.26 243.54 83.71 43.65 98.1 1.6547 -0.5949 4.71 0.99 0.0232 0.0223 ComaBerenices
11.48 -85.07 78.62 19.38 131.0 13.4 283.09 41.98 117.49 87.5 -0.0316 -0.1265 1.13 0.45 0.0202 0.0124 Crater2
-4.19 62.22 43.22 61.85 -9.66 -142.87 86.22 34.71 75.86 -291.0 -0.1873 0.0527 6.59 0.1 0.0111 0.0052 Draco
-10.53 15.65 14.72 7.61 88.15 -330.09 98.1 42.91 21.58 -342.5 0.2489 -1.3901 0.58 1.17 0.0845 0.076 Draco2
-90.91 -221.38 -297.82 -6.15 6.26 92.41 249.54 -51.57 380.19 75.6 0.0372 0.1289 40.23 3.6 0.0529 0.0547 Eridanus2
-41.75 -50.97 -133.99 15.5 -117.9 83.13 236.72 -65.54 147.23 55.3 0.29 0.4367 14.56 0.1 0.002 0.0011 Fornax
50.27 -23.01 -102.41 -63.65 104.61 160.76 338.56 -58.44 120.23 -140.5 -0.276 0.1133 12.79 2.81 0.07 0.0666 Grus1
23.81 -5.03 -41.79 -108.46 -120.38 98.6 351.1 -52.14 52.97 -110.0 -1.5083 0.0292 6.61 0.55 0.044 0.0329 Grus2
84.46 50.69 78.79 184.89 97.2 -27.15 28.65 36.69 131.83 45.2 -0.3398 -0.1225 14.76 1.19 0.0332 0.0396 Hercules
-7.42 -45.85 -64.83 15.68 -135.08 137.32 271.1 -54.74 79.43 112.8 -0.0071 1.022 9.31 2.6 0.0337 0.0309 Horologium1
-14.51 -45.29 -63.15 -22.57 -111.72 57.51 262.19 -54.11 77.98 168.7 0.0406 0.8626 7.96 14.99 0.2406 0.2137 Horologium2
41.99 -104.36 67.93 -43.37 -119.93 87.26 295.73 30.37 134.28 303.1 -0.3254 -0.1334 11.08 1.4 0.1174 0.1004 Hydra2
1.8 -19.59 -16.48 -157.12 -187.02 281.84 297.28 -36.84 27.54 80.4 -2.6589 3.0893 0.58 0.62 0.0111 0.0111 Hydrus1
-122.91 -119.34 192.1 -112.47 -13.13 146.47 226.16 49.26 253.51 282.5 0.0742 -0.0954 17.79 0.11 0.0111 0.0109 Leo1
-76.53 -58.25 215.44 -92.81 52.17 6.89 220.49 67.39 233.35 78.0 0.0711 -0.1701 14.28 0.11 0.0216 0.0213 Leo2
-14.6 -84.79 128.64 28.61 35.19 28.88 265.75 56.53 154.17 132.3 0.0451 -0.2202 7.32 1.57 0.0906 0.1026 Leo4
-22.17 -101.21 167.17 61.49 -44.62 39.62 262.2 58.57 195.88 173.3 0.096 -0.2385 16.52 3.48 0.0968 0.1011 Leo5
-254.74 -172.34 288.72 44.19 29.77 -37.52 214.97 43.83 416.87 38.1 0.0985 -0.0499 21.92 2.37 0.0542 0.0544 LeoT
-4.14 -146.9 -381.94 -29.07 48.64 104.75 271.62 -68.96 409.26 -21.2 -0.0235 0.1116 25.05 1.0 0.0318 0.0349 Phoenix
25.21 -24.82 -71.94 -19.06 -240.91 123.04 323.48 -59.92 83.18 32.4 -1.0343 0.7277 8.48 3.95 0.0478 0.0531 Phoenix2
14.52 122.23 -133.98 4.55 -77.31 21.84 79.43 -47.14 182.81 -226.5 -0.0607 -0.2569 15.13 2.94 0.1251 0.1254 Pisces2
-9.64 -19.48 -23.01 20.0 -98.33 211.53 266.05 -49.72 30.2 64.7 0.2268 2.7404 3.15 1.3 0.0189 0.0124 Reticulum2
-4.2 -63.9 -65.5 -64.33 -43.68 -100.07 273.67 -45.66 91.62 274.2 -0.2157 0.2925 16.41 8.65 0.1891 0.1545 Reticulum3
55.3 21.86 -28.65 32.34 -154.99 202.13 18.96 -23.09 73.11 -177.3 -1.1092 0.3931 1.09 1.35 0.0234 0.0318 Sagittarius2
-5.52 -9.76 -85.27 17.63 155.53 -94.57 285.87 -83.22 85.9 111.4 -0.0442 0.1829 6.76 0.11 0.0023 0.0022 Sculptor
-19.34 -9.47 17.73 -149.14 -205.17 -63.38 220.64 50.58 22.91 208.5 2.179 -3.3602 2.5 1.02 0.0563 0.0623 Segue1
-31.86 13.87 -21.3 -114.21 39.09 76.0 149.52 -37.96 34.67 -39.2 1.4623 0.3444 1.8 2.79 0.0425 0.0431 Segue2
-36.45 -56.88 57.91 -205.09 78.43 71.87 243.67 42.36 85.9 224.2 -0.2952 -0.2873 3.95 0.12 0.0109 0.0105 Sextans1
-29.78 17.42 -12.09 225.86 -22.5 194.2 140.96 -23.66 30.2 -381.7 0.5022 0.2575 1.53 1.18 0.0534 0.0611 Triangulum2
21.39 -18.59 -45.62 -237.24 -93.6 146.06 327.94 -52.5 57.54 -129.1 -1.5328 0.2191 6.07 3.73 0.0213 0.0203 Tucana2
1.62 -9.87 -20.97 34.07 131.48 193.99 315.16 -56.33 25.23 -102.3 -0.5329 1.5319 2.11 2.5 0.0132 0.0208 Tucana3
10.33 -19.93 -39.57 22.16 -118.75 175.84 313.07 -55.43 48.08 15.9 -1.052 1.4049 4.63 1.92 0.0662 0.0707 Tucana4
16.18 -23.53 -43.5 84.74 29.09 211.03 316.13 -52.04 55.21 -36.3 -0.3976 1.0881 10.34 2.69 0.0685 0.0821 Tucana5
-60.77 19.8 78.96 -82.43 -83.94 -40.45 159.33 54.61 96.83 -55.3 0.7409 -0.0099 4.95 1.47 0.0306 0.0328 UrsaMajor1
-30.49 11.61 19.34 167.0 -76.86 188.69 152.39 37.63 31.62 -116.5 1.4161 2.1272 5.2 1.93 0.034 0.0228 UrsaMajor2
-22.01 52.0 53.53 8.31 53.67 -158.31 104.77 44.85 75.86 -246.9 0.1426 0.0336 3.98 0.11 0.004 0.0039 UrsaMinor
-27.57 7.61 31.91 76.75 69.04 74.09 158.46 56.97 38.02 -12.3 0.7705 0.7854 8.38 2.75 0.086 0.0797 Willman1
