x [kpc]; y [kpc]; z [kpc]; vx [km/s]; vy [km/s]; vz [km/s];      phi1 [deg]; phi2 [deg]; radius [kpc]; vgsr [km/s]; dmuphi1 [marcsec/yr]; dmuphi2 [marcsec/yr];       eradius[kpc]; evgsr [km/s]; edmuphi1 [marcsec/yr]; edmuphi2 [marcsec/yr];      name;
28.53 53.25 -86.29 91.96 243.84 130.39 61.82 -55.0 105.33 41.38 0.0682 0.5736 3.78 21.96 0.5175 0.5879 AquariusII
14.87 -0.77 61.82 125.54 -135.8 68.78 357.05 76.45 63.59 97.87 -0.4285 -0.3734 3.1 3.96 0.1075 0.1013 BootesI
6.9 -1.65 39.15 -361.87 -170.17 8.95 346.56 79.73 39.79 -46.87 -1.3235 1.6382 1.78 18.44 0.4028 0.381 BootesII
2.48 35.73 206.69 -71.28 102.65 67.43 86.03 80.17 209.77 83.08 0.0787 -0.085 6.49 3.98 0.0979 0.0841 CanesVenaticiI
-15.85 18.63 158.76 -0.94 -210.19 -69.93 130.41 81.24 160.64 -93.39 0.1799 0.193 7.13 9.34 0.2394 0.195 CanesVenaticiII
-25.23 -96.31 -39.85 -35.62 -53.51 155.9 255.32 -21.81 107.23 -1.49 -0.0411 0.3291 6.02 1.63 0.0417 0.0398 CarinaI
-8.35 -35.74 -10.99 132.89 -302.66 160.77 256.85 -16.67 38.31 207.24 1.0917 1.2657 0.47 3.49 0.0818 0.0924 CarinaII
-8.33 -26.61 -8.03 -9.21 -158.79 356.29 252.62 -16.06 29.01 49.7 0.2809 2.7998 0.6 6.86 0.1442 0.1436 CarinaIII
-10.35 -4.12 41.78 259.87 -12.53 92.84 201.7 75.07 43.24 28.67 0.5256 1.2331 1.7 5.3 0.1359 0.1182 ComaBerenicesI
11.48 -85.08 78.62 -37.24 105.47 0.02 277.69 42.49 116.41 -80.74 -0.0413 0.134 1.13 3.06 0.0726 0.0765 CraterII
-4.25 62.35 43.3 51.78 -2.46 -152.2 93.9 34.71 76.03 -91.59 -0.1429 -0.3377 6.08 1.54 0.0387 0.0319 DracoI
-10.36 14.5 13.65 22.88 86.43 -333.44 125.55 37.44 22.45 -157.42 -0.6471 -2.8134 3.02 11.86 0.2703 0.3146 DracoII
-41.54 -50.95 -133.79 40.64 -133.22 82.86 230.81 -63.84 149.07 -40.17 0.1637 0.1502 8.88 1.39 0.0388 0.0407 Fornax
50.26 -23.0 -102.39 112.09 81.49 266.43 335.41 -61.64 116.36 -202.14 0.2189 0.338 12.56 7.36 0.2591 0.2201 GrusI
84.6 50.76 78.89 126.08 5.61 101.05 30.96 38.65 126.32 149.8 -0.1003 0.016 6.61 3.38 0.1132 0.1374 Hercules
-7.43 -45.6 -64.47 -18.16 -140.29 140.54 260.75 -54.38 79.32 -31.89 0.0123 0.5234 7.97 4.82 0.1104 0.1263 HorologiumI
48.25 -117.36 76.38 -164.99 -99.2 209.2 292.35 31.05 148.11 132.75 -0.2711 0.234 8.57 22.1 0.5509 0.4736 HydraII
1.82 -19.63 -16.52 -143.6 -186.48 289.48 275.31 -39.96 25.72 -53.76 -1.3141 2.7278 0.53 2.24 0.055 0.0606 HydrusI
-125.02 -121.52 195.67 -138.94 -41.66 112.98 224.19 48.3 262.08 169.95 -0.0539 -0.0168 9.71 2.76 0.0786 0.0737 LeoI
-76.43 -58.17 215.12 40.91 41.83 46.99 217.27 65.94 235.59 19.31 -0.0076 0.0645 16.14 3.83 0.098 0.0923 LeoII
-14.59 -84.72 128.48 -212.95 -236.88 -162.42 260.23 56.21 154.59 14.93 -0.2315 -0.429 5.37 20.51 0.4693 0.4579 LeoIV
-20.57 -89.39 147.64 176.44 -270.18 -88.83 257.04 58.15 173.81 42.62 0.2822 -0.2875 5.26 21.59 0.5221 0.4207 LeoV
-0.62 -42.11 -27.69 -39.47 -229.29 230.24 269.15 -33.32 50.41 65.57 -0.151 1.3335 2.07 5.3 0.1095 0.1205 LMC
14.52 122.36 -134.12 316.33 -225.62 -60.39 83.23 -47.43 182.13 -81.88 -0.3946 -0.2066 15.7 28.14 0.6937 0.5652 PiscesII
-9.7 -20.26 -23.92 14.65 -108.76 220.63 244.41 -46.8 32.81 -98.04 0.387 1.4009 1.42 2.25 0.0639 0.0829 ReticulumII
16.77 2.45 -6.42 234.03 -22.87 207.86 8.3 -20.76 18.12 139.77 -0.6568 3.2044 2.13 2.34 0.2219 0.2069 SagittariusI
-5.59 -9.53 -83.28 16.52 169.46 -96.2 239.62 -82.44 84.01 75.04 -0.1794 -0.4164 1.62 1.66 0.0405 0.042 Sculptor
-19.38 -9.52 17.8 -98.37 -213.51 -36.27 206.15 39.5 27.98 117.68 1.1181 -1.0856 2.07 6.24 0.2107 0.222 Segue1
-33.17 14.64 -22.48 -164.45 57.37 145.02 156.18 -31.8 42.66 71.13 0.0688 1.0618 2.7 4.21 0.1627 0.1172 Segue2
-38.61 -61.26 62.36 -229.17 79.72 61.45 237.78 40.74 95.56 81.58 -0.5218 0.0239 2.24 1.88 0.0505 0.0456 Sextans
16.35 -38.5 -44.76 7.77 -191.2 171.71 293.01 -46.94 61.26 -3.2 -0.2327 0.8541 4.2 1.56 0.0489 0.0446 SMC
-28.5 16.38 -11.37 221.57 10.68 249.48 150.11 -19.08 34.79 -258.06 -0.7257 1.0596 1.61 5.11 0.1684 0.1621 TriangulumII
21.33 -18.59 -45.61 -241.31 -69.27 133.74 318.93 -58.18 53.67 -185.56 -0.8284 -0.1784 5.36 4.63 0.0998 0.1059 TucanaII
1.53 -9.77 -20.78 29.16 126.12 194.18 278.88 -64.54 23.01 -226.96 0.4426 -0.2288 2.15 2.17 0.0738 0.2142 TucanaIII
-61.06 19.89 79.33 -192.3 -156.63 -95.36 161.95 51.01 102.06 10.39 0.4309 -0.3398 6.5 4.02 0.1404 0.1078 UrsaMajorI
-32.65 12.74 21.21 170.52 -105.49 209.99 158.69 31.19 40.97 -59.97 0.1869 1.4507 2.37 2.89 0.0947 0.0701 UrsaMajorII
-22.04 52.08 53.64 -4.84 39.75 -148.18 112.94 43.49 77.95 -74.04 -0.0299 -0.3626 4.38 1.71 0.0486 0.047 UrsaMinor
-27.56 7.61 31.89 81.89 24.1 87.34 164.57 48.12 42.83 16.61 -0.2217 0.5531 7.44 6.92 0.4006 0.2519 Willman1
-19.72 -128.95 25.82 -82.27 -36.65 50.37 261.31 11.19 132.98 57.51 -0.1202 0.0634 11.92 1.43 0.039 0.0392 Antlia2
-87.81 -213.1 -286.71 -354.18 141.68 88.27 247.6 -51.2 367.87 -66.32 -0.2187 0.0335 40.15 10.5 0.2615 0.2701 EridanusII
-108.07 -125.63 -88.01 -42.78 131.51 -90.31 229.3 -27.97 187.64 -21.05 -0.1329 -0.1275 17.94 11.63 0.3176 0.2701 ColumbaI
23.83 -5.03 -41.82 -118.61 -120.03 90.76 348.08 -59.78 48.39 -124.36 -0.6187 -0.1446 5.57 3.28 0.1912 0.1171 GrusII
25.66 -25.15 -72.91 -38.01 -200.45 100.27 315.57 -63.77 81.29 -39.92 -0.4405 0.3785 8.96 6.07 0.1293 0.1511 PhoenixII
-4.19 -64.17 -65.77 699.47 193.07 -283.21 266.27 -45.65 91.98 35.97 1.5719 -0.8447 9.88 17.49 0.3971 0.3412 ReticulumIII
10.3 -19.89 -39.5 6.95 -134.56 176.65 297.36 -60.44 45.41 -93.12 -0.2587 0.9007 5.16 10.02 0.2871 0.2641 TucanaIV
16.18 -23.54 -43.5 181.25 136.07 207.33 304.51 -56.71 52.04 -178.5 0.9179 0.4293 5.99 12.26 0.3758 0.4403 TucanaV
