9.3 0.89 -30.21 -17.73 -7.22 5.61 -8.12 24.01 3.11 1.18 10.08 -41.0 -44.8 -56.29 -20.14 -40.18 -27.44 -18.19 -49.5 -49.08 -42.77 -55.37 -47.72 -49.51 -50.64 -54.04 -42.54 0.72 -39.85 -55.76 -0.7 -0.82 -0.64 -19.69 -6.49 -11.47 31.94 29.66 10.17 12.32 -3.63 1.81 -10.42 -21.8 -4.69 -21.02 -38.7 -44.31 -47.02 7.43 -10.84 9.52 -38.01 -19.87 -10.51 -18.51 -21.66 -3.17 -44.5 -45.68 -35.65 -36.75 -49.52 -43.78 -35.47 -23.96 -33.91 
31.7 25.36 18.31 26.47 8.5 15.28 -4.51 7.38 22.11 2.38 42.46 -30.61 22.17 -12.36 -32.96 1.85 -30.61 5.35 24.82 -5.14 2.51 2.52 -23.69 -7.9 -8.9 -8.98 12.93 25.22 -3.82 -1.76 44.43 45.18 40.58 28.85 30.88 50.18 -3.87 -5.33 -7.96 -7.39 23.61 24.93 13.14 22.81 -24.44 -13.29 11.02 21.84 -13.27 37.65 36.74 37.02 -29.64 5.58 1.25 -21.88 -29.79 34.73 -9.84 -19.79 -11.06 -12.65 -9.38 -19.19 -6.26 39.98 4.87 
38.41 46.46 36.1 53.5 53.14 50.68 53.34 49.57 59.97 59.23 35.83 38.74 28.99 23.2 49.24 34.51 35.2 46.38 30.62 11.59 -40.02 20.01 25.34 20.3 28.51 30.7 41.49 -55.55 50.81 34.35 -35.51 -35.23 -30.58 -42.7 -49.39 18.59 51.31 46.71 50.15 55.68 48.59 71.0 54.94 40.17 46.13 43.93 36.44 24.88 17.74 -33.48 -42.02 32.71 32.73 49.49 53.27 45.52 61.95 -38.33 35.6 36.88 35.84 33.35 18.92 16.3 37.0 -20.29 37.45 
-222.34 -67.09 -75.66 185.27 -451.44 -75.69 117.5 45.39 -22.87 435.12 -2.43 -22.89 4.03 20.21 218.53 -3.62 41.32 40.39 130.47 128.45 -130.93 -9.81 -111.55 71.63 -25.53 132.74 -157.82 -80.01 -17.54 166.98 308.34 -53.02 -271.76 123.02 -190.56 -185.21 233.6 489.52 28.89 47.22 -174.8 -98.33 -51.47 75.81 161.2 222.52 -60.21 46.34 110.72 50.59 -266.89 -214.49 21.37 -116.83 135.74 25.08 1248.28 182.48 -13.82 134.92 90.09 81.01 39.45 -15.68 -10.61 -66.69 -343.76 
151.71 -202.65 87.61 35.83 -194.28 -16.2 157.92 -328.03 -518.55 -116.48 -37.7 -126.42 140.33 144.08 -313.88 8.02 70.92 -422.67 185.28 9.76 70.77 -41.4 -247.43 -38.88 -276.86 12.42 -166.65 -106.72 -328.59 -79.9 -71.19 40.9 92.1 -172.98 -177.83 -41.32 -195.74 -446.21 228.32 299.36 -7.27 310.4 114.07 44.9 -54.86 -34.65 -76.63 -62.44 -78.19 71.26 -15.99 -136.0 108.1 -353.18 -52.19 188.19 146.08 -107.2 86.43 -398.57 -8.33 -19.4 45.61 -37.65 -53.41 251.41 -502.01 
-28.15 25.22 -122.57 -54.74 -39.21 -64.88 160.79 81.67 138.04 146.48 149.48 -295.29 30.94 311.79 -187.75 157.79 154.64 107.8 92.98 183.62 43.01 82.59 -8.88 73.05 -11.04 72.17 111.3 25.19 -93.25 203.0 117.72 183.74 -9.79 -186.11 -34.98 -191.74 -196.72 -383.82 35.86 134.83 -85.87 -161.71 -21.59 39.98 28.77 -23.61 53.02 -39.68 104.99 45.6 -18.64 247.6 9.4 125.87 -39.09 206.55 426.55 123.8 -13.59 -24.1 137.35 -44.4 185.49 -242.7 40.33 150.62 32.58 
60.96 70.08 140.11 109.61 82.75 47.69 -87.64999999999998 12.87 62.69 14.09 66.6 -136.89 148.73 -165.56 -109.75999999999999 176.67 -122.02000000000001 151.6 148.93 -172.82 175.83 176.93 -149.0 -169.14 -168.13 -168.9 159.31 70.32 -173.1 -177.87 80.3 80.6 79.31 111.55 86.64 93.61 -5.490000000000009 -7.990000000000009 -23.319999999999993 -19.70999999999998 78.8 67.93 99.15 120.61 -81.61000000000001 -133.76 160.07 148.76 -161.08 67.33 93.95 64.29 -135.07 154.27 150.4 -115.0 -114.16 81.59 -164.79 -152.1 -157.98 -156.04 -167.18 -151.59 -167.02 111.39 169.22 
46.63 59.84 51.63 62.28 80.84 67.8 85.17 56.22 67.46 80.62 37.73 40.83 34.14 25.06 54.56 47.19 44.26 76.36 32.46 15.7 -49.21 22.97 28.83 25.78 33.35 33.34 48.56 -64.27 57.96 35.85 -38.25 -37.59 -36.55 -54.03 -57.96 20.26 51.75 50.61 68.14 68.52 63.64 69.24 76.38 56.56 61.82 67.27 48.39 30.54 23.39 -39.39 -48.78 38.5 37.93 75.44 87.27 62.04 62.2 -47.53 43.48 41.06 50.51 46.94 24.07 21.97 52.98 -25.32 55.14 
52.8 53.7 46.0 60.4 53.8 54.7 53.5 59.6 64.9 60.0 58.5 59.2 51.6 54.7 60.4 47.0 50.4 47.7 57.0 42.7 52.9 51.2 52.5 46.6 51.8 55.8 55.3 61.7 59.9 58.6 57.4 57.8 51.4 52.8 58.3 53.6 65.3 60.4 54.0 59.8 54.2 75.9 56.5 48.1 52.3 47.6 48.7 48.9 44.6 52.8 55.9 52.5 53.2 51.1 53.3 51.5 70.0 52.0 51.7 56.1 46.4 45.6 46.3 43.5 46.3 47.5 45.6 
-159.1 -208.92 -122.82 -173.38 -124.42 -161.63 160.63 9.59 -145.0 190.06 -121.85 12.64 -26.35 143.62 104.99 111.11 196.63 16.85 -65.94 -36.13 57.24 34.56 306.19 23.1 109.41 -26.74 86.51 -172.94 -33.58 -1.85 -273.21 -274.92 -152.11 -95.6 -194.01 -324.67 2.98 59.34 34.99 124.36 -209.03 -150.84 -55.95 -85.39 169.06 -7.13 6.1 -186.77 48.26 -135.93 -138.97 -195.08 71.43 78.6 -58.43 197.08 176.53 -303.78 33.15 123.71 114.06 -8.25 87.7 52.72 79.4 -29.64 140.27 
0.6359 -0.3094 0.8062 -0.3288 1.5821 -0.4285 0.4052 -2.0016 -1.0393 -1.5929 -0.359 0.8815 0.3781 0.3828 1.3408 1.0622 0.4919 2.5327 -0.0411 1.2218 0.7311 1.1798 1.4395 1.3103 2.046 0.9485 1.6939 -0.1108 1.9905 1.1868 -1.2721 0.1097 1.0249 0.1964 0.6389 0.8418 -1.3461 -2.1558 -0.0296 0.226 0.5196 0.351 0.3079 0.2009 0.4228 1.5315 1.4119 1.0523 1.5954 -0.412 1.1142 0.1539 0.4109 2.451 0.7764 0.1489 3.5227 -0.8962 0.5947 2.354 1.1991 1.2458 0.9111 1.1406 1.2992 0.31 3.6982 
0.4669 1.553 -0.2477 0.687 1.8808 0.7912 -0.305 0.423 2.2445 -1.0423 0.9885 -1.4636 0.1901 1.0375 -1.6899 0.4559 0.0594 1.5787 0.5312 0.9552 0.4828 0.2768 -0.7511 0.2803 -0.3824 0.3603 0.2259 -1.0856 -0.4782 0.8742 -0.2746 0.0404 -0.5498 -1.8414 -1.4096 -0.3631 -1.0765 -2.4045 -0.0405 0.1142 0.8253 -0.2189 0.4048 0.8275 -1.0889 -0.2784 0.2688 0.2404 0.4049 -0.2477 -0.747 1.8575 -0.2099 0.6988 0.9985 0.2204 1.7003 -0.6462 -0.2455 -0.5616 0.3008 -0.3091 0.7109 -1.4101 -0.2294 0.6421 -0.7265 
2.8 2.81 2.58 3.22 2.97 2.94 2.8 3.22 3.41 3.13 3.19 3.22 2.9 2.87 3.4 2.45 2.64 2.53 3.08 2.4 3.02 2.69 2.66 2.54 2.96 2.84 2.98 2.87 3.05 3.31 3.23 3.24 2.6 2.99 2.98 2.81 3.45 3.18 3.07 3.38 3.0 3.88 3.02 2.56 2.87 2.49 2.63 2.64 2.58 2.63 3.09 2.82 2.86 2.66 3.05 2.59 3.65 2.62 2.85 2.82 2.8 2.58 2.5 2.57 2.28 2.64 2.35 
14.01 14.16 9.74 12.42 11.29 14.11 15.42 14.51 17.11 12.39 16.28 11.78 9.04 12.45 15.6 8.41 13.19 8.95 11.19 7.92 11.04 11.6 10.56 9.22 9.88 12.72 13.48 12.48 9.61 11.06 9.64 6.78 10.73 11.2 11.04 14.25 15.38 14.67 9.63 9.48 11.07 20.46 10.28 8.39 8.79 7.52 10.89 10.06 10.49 14.98 15.22 9.5 12.37 9.8 12.08 10.66 17.47 19.46 9.54 13.1 13.62 13.92 8.49 12.79 18.42 15.72 11.62 
0.576 0.5227 0.3498 0.4871 0.5675 0.8592 0.6064 0.9568 0.8414 0.8676 0.7354 1.0474 0.503 0.6227 1.3277 0.6752 0.7141 0.598 0.6908 0.5578 1.0694 0.566 0.563 0.3747 0.5438 0.5937 0.7007 1.1538 1.0616 0.7939 1.0976 1.1081 0.6195 0.8834 1.0146 0.6806 1.2397 1.3079 0.7994 1.0874 0.4053 0.7957 0.3361 0.5929 1.1071 0.6294 0.5773 0.5066 0.4151 1.3353 0.9475 0.542 0.6457 0.6025 0.5876 0.7784 1.5278 1.0994 0.5794 0.6503 0.6313 0.4237 0.4402 0.3707 1.2929 0.5108 0.4864 
0.4477 0.4784 0.3874 0.5491 0.5754 0.7339 0.4661 1.0225 0.6769 1.0291 0.651 0.9993 0.3829 0.8976 1.2924 0.4913 0.7804 0.5039 0.6408 0.5689 0.9456 0.5967 0.8992 0.6216 0.9535 0.8457 0.6155 1.1204 0.954 0.8299 1.0624 1.0752 0.6776 0.6496 0.8867 0.7412 1.1186 1.2334 0.6355 0.9314 0.4166 0.6566 0.3478 0.4363 0.5799 0.694 0.5246 0.3688 0.6235 1.1884 0.7796 0.5704 0.7434 0.5657 0.4815 0.8626 1.3732 0.9857 0.7365 0.8557 0.6484 0.5899 0.7824 0.6066 0.9378 0.3666 0.4378 
0.0 0.0 0.0 0.0 0.0 0.0 0.0 0.0 0.0 0.0 0.0 0.0 0.0 0.0 0.0 0.0 0.0 0.0 0.0 0.0 0.0 0.0 0.0 0.0 0.0 0.0 0.0 0.0 0.0 0.0 0.0 0.0 0.0 0.0 0.0 0.0 0.0 0.0 0.0 0.0 0.0 0.0 0.0 0.0 0.0 0.0 0.0 0.0 0.0 0.0 0.0 0.0 0.0 0.0 0.0 0.0 0.0 0.0 0.0 0.0 0.0 0.0 0.0 0.0 0.0 0.0 0.0 
