0.0 279281.0
2.0 278961.0
4.0 275551.0
6.0 268623.0
8.0 258549.0
10.0 244312.0
12.0 227723.0
14.0 211252.0
16.0 195933.0
18.0 182101.0
20.0 170009.0
22.0 159098.0
24.0 149413.0
26.0 140683.0
28.0 132849.0
30.0 125302.0
32.0 118420.0
34.0 112570.0
36.0 108018.0
38.0 104145.0
40.0 100639.0
42.0 97289.0
44.0 93755.0
46.0 89919.0
48.0 85445.0
50.0 79582.0
52.0 72529.0
54.0 64235.0
56.0 56082.0
58.0 48679.0
60.0 42391.0
62.0 36969.0
64.0 32226.0
66.0 28239.0
68.0 24665.0
70.0 21708.0
72.0 19076.0
74.0 16631.0
76.0 14347.0
78.0 12244.0
80.0 10314.0
82.0 8628.0
84.0 7260.0
86.0 6100.0
88.0 5114.0
90.0 4205.0
92.0 3385.0
94.0 2703.0
96.0 2150.0
98.0 1676.0
100.0 1238.0
102.0 943.0
104.0 675.0
106.0 468.0
108.0 321.0
110.0 217.0
112.0 137.0
114.0 89.0
116.0 52.0
118.0 34.0
120.0 24.0
122.0 14.0
124.0 10.0
126.0 8.0
128.0 3.0
130.0 2.0
132.0 1.0
