0.0 447123.0
0.732304346452288 447102.0
1.464608692904576 446978.0
2.196913039356864 446528.0
2.929217385809152 444906.0
3.6615217322614404 440961.0
4.393826078713728 436197.0
5.126130425166016 431036.0
5.858434771618304 425348.0
6.5907391180705925 419452.0
7.323043464522881 413018.0
8.055347810975169 406129.0
8.787652157427456 398549.0
9.519956503879744 390467.0
10.252260850332032 381772.0
10.98456519678432 372761.0
11.716869543236609 364048.0
12.449173889688897 355320.0
13.181478236141185 346698.0
13.913782582593473 338171.0
14.646086929045762 329875.0
15.378391275498048 321806.0
16.110695621950338 314140.0
16.842999968402626 306533.0
17.57530431485491 299359.0
18.3076086613072 292385.0
19.039913007759488 285662.0
19.772217354211776 279222.0
20.504521700664064 273232.0
21.236826047116352 267220.0
21.96913039356864 261328.0
22.70143474002093 255753.0
23.433739086473217 250277.0
24.166043432925505 245156.0
24.898347779377794 240198.0
25.630652125830082 235304.0
26.36295647228237 230831.0
27.09526081873466 226362.0
27.827565165186947 221924.0
28.559869511639235 217562.0
29.292173858091523 213229.0
30.024478204543808 209014.0
30.756782550996096 204610.0
31.489086897448384 200413.0
32.221391243900676 196383.0
32.953695590352964 192581.0
33.68599993680525 189035.0
34.41830428325754 185594.0
35.15060862970982 182358.0
35.88291297616211 179356.0
36.6152173226144 176471.0
37.34752166906669 173681.0
38.079826015518975 170904.0
38.81213036197126 168253.0
39.54443470842355 165617.0
40.27673905487584 163007.0
41.00904340132813 160410.0
41.74134774778042 157904.0
42.473652094232705 155380.0
43.20595644068499 152878.0
43.93826078713728 150181.0
44.67056513358957 147513.0
45.40286948004186 144783.0
46.135173826494146 141910.0
46.867478172946434 139055.0
47.59978251939872 136154.0
48.33208686585101 133089.0
49.0643912123033 129769.0
49.79669555875559 126295.0
50.528999905207876 122655.0
51.261304251660164 118779.0
51.99360859811245 114912.0
52.72591294456474 110872.0
53.45821729101703 106561.0
54.19052163746932 102243.0
54.922825983921605 97938.0
55.65513033037389 93781.0
56.38743467682618 89801.0
57.11973902327847 85870.0
57.85204336973076 82136.0
58.584347716183046 78489.0
59.31665206263533 75115.0
60.048956409087616 71990.0
60.781260755539904 68922.0
61.51356510199219 65976.0
62.24586944844448 63077.0
62.97817379489677 60455.0
63.71047814134906 57856.0
64.44278248780135 55432.0
65.17508683425363 53072.0
65.90739118070593 50764.0
66.63969552715821 48549.0
67.3719998736105 46481.0
68.10430422006279 44504.0
68.83660856651508 42658.0
69.56891291296736 40861.0
70.30121725941964 39060.0
71.03352160587194 37459.0
71.76582595232422 35866.0
72.49813029877652 34315.0
73.2304346452288 32849.0
73.96273899168109 31378.0
74.69504333813337 29964.0
75.42734768458567 28576.0
76.15965203103795 27238.0
76.89195637749025 25948.0
77.62426072394253 24667.0
78.35656507039482 23421.0
79.0888694168471 22269.0
79.8211737632994 21153.0
80.55347810975168 20079.0
81.28578245620398 19002.0
82.01808680265626 18010.0
82.75039114910855 17049.0
83.48269549556083 16189.0
84.21499984201313 15324.0
84.94730418846541 14490.0
85.6796085349177 13741.0
86.41191288136999 13004.0
87.14421722782228 12304.0
87.87652157427456 11651.0
88.60882592072686 10986.0
89.34113026717914 10378.0
90.07343461363143 9781.0
90.80573896008372 9195.0
91.53804330653601 8613.0
92.27034765298829 8107.0
93.00265199944059 7636.0
93.73495634589287 7112.0
94.46726069234515 6663.0
95.19956503879745 6236.0
95.93186938524973 5812.0
96.66417373170202 5421.0
97.3964780781543 5067.0
98.1287824246066 4729.0
98.86108677105888 4386.0
99.59339111751117 4071.0
100.32569546396346 3768.0
101.05799981041575 3499.0
101.79030415686803 3229.0
102.52260850332033 2968.0
103.25491284977261 2717.0
103.9872171962249 2522.0
104.71952154267719 2330.0
105.45182588912948 2157.0
106.18413023558176 1988.0
106.91643458203406 1821.0
107.64873892848634 1663.0
108.38104327493863 1518.0
109.11334762139091 1392.0
109.84565196784321 1285.0
110.57795631429549 1166.0
111.31026066074779 1054.0
112.04256500720007 958.0
112.77486935365236 863.0
113.50717370010464 764.0
114.23947804655694 696.0
114.97178239300922 634.0
115.70408673946152 571.0
116.4363910859138 513.0
117.16869543236609 456.0
117.90099977881837 415.0
118.63330412527066 363.0
119.36560847172295 330.0
120.09791281817523 295.0
120.83021716462753 263.0
121.56252151107981 234.0
122.2948258575321 204.0
123.02713020398438 177.0
123.75943455043668 152.0
124.49173889688896 126.0
125.22404324334126 115.0
125.95634758979354 104.0
126.68865193624583 85.0
127.42095628269811 72.0
128.1532606291504 56.0
128.8855649756027 49.0
129.617869322055 41.0
130.35017366850727 38.0
131.08247801495955 32.0
131.81478236141186 27.0
132.54708670786414 25.0
133.27939105431642 22.0
134.0116954007687 21.0
134.743999747221 17.0
135.4763040936733 15.0
136.20860844012557 14.0
136.94091278657785 13.0
137.67321713303016 13.0
138.40552147948245 10.0
139.13782582593473 10.0
139.870130172387 9.0
140.6024345188393 7.0
141.3347388652916 5.0
142.06704321174388 4.0
142.79934755819616 4.0
143.53165190464844 3.0
144.26395625110075 2.0
144.99626059755303 2.0
145.7285649440053 1.0
