23.233213294764024 0.0
23.926591901062718 0.022222222222222223
25.663174004787482 0.044444444444444446
27.89389538949338 0.06666666666666667
29.00740939828995 0.08888888888888889
31.652173701027234 0.11111111111111112
36.55780217682677 0.13333333333333333
37.087983229073004 0.15555555555555556
37.92713804124956 0.17777777777777778
39.48152099400427 0.2
40.756919657893675 0.22222222222222224
44.85977819829251 0.24444444444444446
45.493941354866145 0.26666666666666666
48.35929176487183 0.2888888888888889
52.03559647010881 0.3111111111111111
53.70572222771052 0.33333333333333337
63.96328790798672 0.35555555555555557
66.00584898325299 0.37777777777777777
75.87392766952294 0.4
77.8068184672783 0.4222222222222222
79.05470700723644 0.4444444444444445
79.75091096658394 0.4666666666666667
80.16819880725772 0.48888888888888893
86.00407490346024 0.5111111111111112
88.98036300218155 0.5333333333333333
91.60294755082938 0.5555555555555556
101.5859955899434 0.5777777777777778
105.07805146651702 0.6
106.83680311578028 0.6222222222222222
116.38015767303291 0.6444444444444445
116.40360690287909 0.6666666666666667
126.13814569748519 0.6888888888888889
131.41025302464035 0.7111111111111111
132.80580145460516 0.7333333333333334
149.31283769321377 0.7555555555555555
154.76031048043293 0.7777777777777778
160.5925443474883 0.8
181.9385712266643 0.8222222222222223
186.61661394420378 0.8444444444444444
196.67430411723845 0.8666666666666667
217.53595472932744 0.888888888888889
235.93282306622788 0.9111111111111111
257.3933054684989 0.9333333333333333
382.06083926516203 0.9555555555555556
409.2369890418021 0.9777777777777779
421.84449931224657 1.0
