x [kpc]; y [kpc]; z [kpc]; vx [km/s]; vy [km/s]; vz [km/s];      l [deg]; b [deg]; dist [kpc]; vlos [km/s]; dmu_l [marcsec/yr]; dmu_b [marcsec/yr];       edist[kpc]; evlost [km/s]; edmu_l [marcsec/yr]; edmu_b [marcsec/yr];      name;
-19.71 -128.78 25.78 -53.86 -36.81 61.08 264.94 11.27 131.83 290.7 -0.0638 -0.0048 7.26 0.55 0.0404 0.0397 Antlia2
28.44 53.13 -86.08 30.98 123.62 30.2 55.33 -53.13 107.65 -71.1 -0.1665 -0.1108 3.9 2.69 0.1659 0.1705 Aquarius2
15.02 -0.77 62.17 136.52 -111.21 61.5 358.1 69.42 66.37 99.0 -1.1158 -0.3474 2.6 2.36 0.0354 0.0367 Bootes1
6.78 -1.65 38.86 -284.96 -127.97 -19.23 353.75 68.67 41.69 -117.0 -2.0353 1.1475 1.25 5.38 0.2102 0.1891 Bootes2
2.88 37.04 214.34 -161.05 40.56 82.84 73.2 79.77 217.77 30.9 0.1026 0.2463 11.37 0.62 0.0403 0.0466 CanesVenatici1
-15.85 18.62 158.72 -51.12 -132.29 -81.46 112.08 82.78 159.96 -128.9 0.2627 0.4112 5.07 1.35 0.1176 0.1213 CanesVenatici2
-107.55 -124.91 -87.5 19.05 -18.16 53.16 231.53 -28.75 181.97 153.7 0.1964 0.1584 20.74 5.46 0.1098 0.0962 Columba1
-10.43 -4.28 43.42 270.2 -11.07 93.47 243.54 83.71 43.65 98.1 1.6706 -0.4977 4.7 1.01 0.0474 0.0515 ComaBerenices
11.48 -85.07 78.62 -34.44 113.63 8.14 283.09 41.98 117.49 87.5 -0.1327 -0.1392 1.18 0.44 0.0394 0.0236 Crater2
-4.19 62.22 43.22 45.06 -1.41 -153.15 86.22 34.71 75.86 -291.0 -0.1392 0.0179 6.55 0.1 0.0103 0.0109 Draco
-90.91 -221.38 -297.82 1.78 18.13 81.4 249.54 -51.57 380.19 75.6 0.039 0.1191 39.48 3.44 0.0519 0.0551 Eridanus2
-41.75 -50.97 -133.99 45.84 -143.57 85.32 236.72 -65.54 147.23 55.3 0.3465 0.4443 13.77 0.1 0.0044 0.0023 Fornax
50.27 -23.01 -102.41 6.49 60.6 210.75 338.56 -58.44 120.23 -140.5 -0.3029 0.2808 12.9 2.41 0.1506 0.1364 Grus1
23.81 -5.03 -41.79 -129.14 -111.79 81.68 351.1 -52.14 52.97 -110.0 -1.4872 -0.0806 5.75 0.58 0.0806 0.069 Grus2
84.46 50.69 78.79 179.83 45.38 12.16 28.65 36.69 131.83 45.2 -0.4087 -0.0441 13.36 1.12 0.0695 0.0666 Hercules
-14.51 -45.29 -63.15 -110.45 -108.92 64.15 262.19 -54.11 77.98 168.7 -0.1959 0.8932 8.77 12.98 0.283 0.2403 Horologium2
-122.91 -119.34 192.1 -88.86 -88.04 114.01 226.16 49.26 253.51 282.5 0.1315 -0.1368 17.57 0.1 0.0875 0.0799 Leo1
-76.53 -58.25 215.44 -51.4 9.38 8.44 220.49 67.39 233.35 78.0 0.1248 -0.1665 14.65 0.11 0.0638 0.0655 Leo2
-14.6 -84.79 128.64 -30.48 -25.56 -14.07 265.75 56.53 154.17 132.3 -0.0294 -0.3267 7.26 1.61 0.1364 0.1354 Leo4
-22.17 -101.21 167.17 3.07 -33.72 41.37 262.2 58.57 195.88 173.3 0.0321 -0.2349 16.11 3.47 0.1122 0.111 Leo5
-254.74 -172.34 288.72 44.19 29.77 -37.52 214.97 43.83 416.87 38.1 0.0985 -0.0499 20.1 2.07 0.0543 0.0548 LeoT
-4.14 -146.9 -381.94 -1.68 47.27 105.58 271.62 -68.96 409.26 -21.2 -0.0095 0.1127 25.11 1.14 0.0559 0.0541 Phoenix
14.52 122.23 -133.98 42.93 -78.79 27.02 79.43 -47.14 182.81 -226.5 -0.1045 -0.2481 15.8 3.1 0.1215 0.1215 Pisces2
-4.2 -63.9 -65.5 49.02 27.59 -162.49 273.67 -45.66 91.62 274.2 0.0552 0.0869 14.45 7.48 0.2236 0.2277 Reticulum3
55.3 21.86 -28.65 17.12 -168.1 158.37 18.96 -23.09 73.11 -177.3 -1.1307 0.2559 1.16 1.3 0.0492 0.0662 Sagittarius2
-31.86 13.87 -21.3 -156.5 62.61 138.01 149.52 -37.96 34.67 -39.2 1.4695 0.8229 1.77 2.57 0.1181 0.0949 Segue2
-36.45 -56.88 57.91 -224.95 91.13 74.69 243.67 42.36 85.9 224.2 -0.3527 -0.278 4.32 0.1 0.0214 0.0198 Sextans1
-29.78 17.42 -12.09 215.99 -2.8 240.02 140.96 -23.66 30.2 -381.7 0.4387 0.6069 1.58 1.17 0.1485 0.1226 Triangulum2
21.39 -18.59 -45.62 -247.42 -86.8 136.67 327.94 -52.5 57.54 -129.1 -1.5315 0.1626 5.67 3.89 0.0592 0.0617 Tucana2
10.33 -19.93 -39.57 -4.51 -104.58 156.17 313.07 -55.43 48.08 15.9 -1.095 1.2527 4.99 2.0 0.1324 0.1106 Tucana4
16.18 -23.53 -43.5 68.56 54.79 188.03 316.13 -52.04 55.21 -36.3 -0.3697 0.9452 9.9 2.73 0.1448 0.2278 Tucana5
-60.77 19.8 78.96 -145.56 -124.1 -72.34 159.33 54.61 96.83 -55.3 0.8713 -0.1298 4.86 1.49 0.0824 0.0721 UrsaMajor1
-30.49 11.61 19.34 169.38 -69.9 187.25 152.39 37.63 31.62 -116.5 1.3676 2.1151 4.77 2.15 0.0672 0.0534 UrsaMajor2
-22.01 52.0 53.53 6.46 43.15 -148.56 104.77 44.85 75.86 -246.9 0.155 0.0719 4.4 0.11 0.0103 0.01 UrsaMinor
