x [kpc]; y [kpc]; z [kpc]; vx [km/s]; vy [km/s]; vz [km/s];      l [deg]; b [deg]; dist [kpc]; vlos [km/s]; dmu_l [marcsec/yr]; dmu_b [marcsec/yr];       edist[kpc]; evlost [km/s]; edmu_l [marcsec/yr]; edmu_b [marcsec/yr];      sgrweak [bool]; sgrstrong [bool]; Sgr Lambda [deg]; Sgr Beta [deg]
-33.89 44.69 -55.32 389.66 -266.27 -76.74 119.8 -47.06 75.6 -368.43 -0.2086 -1.4489 3.89 113.53 1.3141 0.7575 0 0 95.0 -25.11
-33.89 38.33 -47.07 -14.01 -171.84 41.44 123.73 -45.62 65.9 -256.71 0.8063 -0.6833 3.81 112.63 1.4911 1.0522 0 0 98.39 -24.98
-32.23 20.54 -50.07 -246.21 27.86 100.03 139.37 -57.81 59.2 -49.56 1.1822 0.3401 3.16 52.94 0.8964 1.195 0 0 98.4 -9.49
-32.87 23.25 -37.46 156.94 100.7 -19.28 136.58 -47.94 50.5 -117.36 0.0168 -0.7087 2.85 82.0 0.7316 0.5104 0 0 104.27 -17.72
-49.23 38.38 -34.73 161.42 -90.96 -231.58 136.84 -31.78 66.0 -162.34 0.4529 -1.2194 3.48 117.21 1.1656 1.1867 0 0 117.19 -28.72
-39.33 23.98 -32.89 111.4 60.34 -15.66 142.31 -40.02 51.2 -132.18 0.3469 -0.5804 2.6 85.71 0.7837 0.7563 0 0 113.38 -20.04
-42.91 26.68 -33.2 -130.83 93.88 244.83 142.37 -37.25 54.9 -127.4 0.7905 0.7746 2.65 91.53 1.0682 0.8753 0 0 115.73 -21.73
-41.85 26.56 -28.98 -110.98 -203.13 -110.67 141.63 -34.14 51.7 -84.45 1.7403 -0.8149 2.55 92.91 0.7611 0.6636 0 0 117.99 -24.12
-53.02 34.29 -31.14 -252.02 -34.61 426.98 142.52 -28.95 64.4 -168.93 1.2492 1.2651 3.68 100.15 1.1519 0.875 0 0 123.11 -26.58
-60.37 -19.05 -16.29 131.3 -723.28 590.68 200.1 -16.4 57.8 45.91 3.4668 2.2689 3.18 122.07 2.0797 1.9269 0 0 152.74 19.22
-61.73 -18.53 20.66 48.6 96.0 -162.46 199.13 20.04 60.2 -45.79 0.5338 -0.5745 3.08 108.71 1.0165 1.2339 0 0 189.05 9.4
-72.33 -38.18 28.21 257.77 -1706.4 -1109.04 210.81 20.7 79.7 341.65 4.7687 -3.5003 4.31 144.78 0.7658 0.9567 0 0 193.7 19.4
-79.44 -30.2 43.36 447.4 138.86 733.36 203.0 29.28 88.6 40.75 0.6368 1.9276 5.11 111.38 1.5121 1.838 0 0 199.08 9.58
-49.49 21.99 36.43 83.68 312.0 -8.55 151.91 37.94 59.2 -35.05 -0.3348 0.026 3.07 68.9 0.6592 0.5583 0 0 202.46 -33.19
-52.26 21.63 40.12 -224.35 -216.49 -104.36 153.8 39.29 63.3 -64.58 1.724 -0.3045 3.39 68.26 0.8873 0.6734 0 0 203.77 -31.51
-42.86 -28.45 40.29 -2.68 341.39 378.58 219.46 41.97 60.2 210.31 -0.2935 1.0872 3.2 137.95 0.8674 1.1875 0 0 216.92 15.47
-42.78 -2.86 50.39 46.0 178.84 8.39 184.74 55.51 61.1 -15.7 0.235 0.0858 3.43 33.59 0.6896 0.839 0 0 220.52 -10.49
-27.53 -31.97 46.25 -315.45 58.95 -230.67 238.98 51.09 59.4 20.29 -0.6547 -1.4345 3.22 164.38 0.8566 0.8598 0 0 233.48 18.71
-36.58 -1.41 56.08 -81.23 127.08 -104.93 182.85 63.2 62.8 -55.92 0.3776 -0.4638 3.4 24.94 0.9268 0.6893 0 0 228.19 -12.39
-44.29 -5.41 77.4 403.27 575.97 136.68 188.54 64.81 85.5 -68.95 -0.6656 1.1118 4.51 31.73 1.4806 1.4618 0 0 230.15 -10.13
-22.61 -3.99 75.99 -86.11 -468.83 95.38 195.59 78.93 77.4 141.27 1.8007 -0.717 4.18 29.89 0.7458 1.2342 0 0 244.64 -10.96
-26.35 -0.87 89.12 -93.09 -362.11 33.06 182.75 78.53 90.9 51.75 1.3939 -0.2908 4.64 17.91 1.7904 1.9425 0 0 243.89 -13.39
-0.32 -43.38 70.81 -997.68 -376.97 -316.49 280.43 58.07 83.4 -48.19 -2.7937 -1.3527 4.49 143.42 1.6034 0.9411 0 0 259.41 18.24
-18.58 3.67 60.86 -151.11 54.24 -58.2 160.35 79.83 61.8 -48.74 0.797 -0.338 3.21 0.72 0.5831 0.5921 0 0 245.9 -17.3
-26.23 16.08 70.85 -84.1 79.75 15.97 138.13 71.22 74.8 -4.28 0.5246 0.1118 3.88 37.94 0.6561 1.0406 0 0 241.11 -26.37
1.42 -24.32 59.41 -120.53 243.27 53.19 291.79 66.2 64.9 22.67 -0.3984 0.2029 3.47 112.29 1.3282 0.765 0 0 262.97 9.2
-19.96 13.97 83.47 -379.21 -601.44 76.68 129.85 77.7 85.4 -17.21 2.0786 0.9999 4.73 25.0 0.8892 1.2146 0 0 247.81 -23.26
-13.67 5.72 93.9 765.12 1507.99 -96.13 133.19 85.22 94.2 -69.26 -3.1679 -0.924 5.24 6.76 1.3883 1.254 0 0 252.5 -17.14
-19.36 19.18 68.86 259.95 308.73 -79.61 119.98 72.17 72.3 -103.66 -0.7229 0.1127 4.02 55.0 0.5137 0.6126 0 0 246.74 -29.26
-4.35 2.7 72.77 -148.02 -139.79 117.53 34.3 86.24 72.9 87.21 -0.6585 1.0254 3.62 5.83 1.2634 1.2464 0 0 259.04 -15.37
-17.23 23.15 75.14 30.08 -452.96 54.28 111.09 71.72 79.1 -161.57 0.6219 1.7038 4.36 58.92 0.629 0.6897 0 0 249.41 -30.82
-10.75 13.26 68.11 -152.63 -558.16 206.45 100.47 78.79 69.4 47.84 0.9327 2.3815 3.72 44.57 0.6448 0.5884 0 0 254.23 -24.6
-16.07 25.32 88.24 -78.89 -394.36 140.34 107.07 73.28 92.1 -40.52 0.6263 1.3689 4.74 55.59 0.8086 0.8327 0 0 251.29 -29.69
-6.24 7.17 55.43 266.95 80.48 80.56 73.99 82.34 55.9 61.08 -1.0984 0.3618 3.11 20.33 0.4957 0.5432 0 0 258.43 -20.67
6.29 -1.34 77.86 -811.05 115.64 119.57 354.74 79.34 79.2 -38.9 -0.5417 2.1674 4.44 16.66 1.002 1.035 0 0 266.43 -11.59
-15.4 26.64 61.2 -286.16 -64.19 62.3 104.93 65.74 67.1 -40.81 1.1527 0.7058 3.71 84.32 0.5412 0.5335 0 0 249.91 -37.19
-6.02 21.88 83.79 -80.97 222.57 -167.44 84.06 75.28 86.6 -176.85 0.2176 -0.0349 4.8 61.26 0.7726 0.7687 0 0 258.44 -27.97
-3.88 21.12 84.62 -608.49 -399.29 185.3 78.17 75.69 87.3 -14.52 1.1465 1.8785 4.94 54.24 0.7919 0.8935 0 0 259.94 -27.21
-0.66 13.72 70.09 -225.65 -16.91 141.4 60.9 77.36 71.8 55.79 0.2346 1.0705 3.85 40.58 0.5404 0.5246 0 0 263.13 -23.97
3.05 15.51 85.6 -454.11 -511.35 135.26 53.82 77.34 87.7 -68.96 -0.1696 2.1433 4.38 31.51 1.4033 2.5254 0 0 264.46 -23.01
-9.59 29.97 77.1 -221.13 -597.54 154.53 92.46 68.73 82.7 -164.22 0.684 2.1116 4.47 83.68 0.6712 0.6636 0 0 256.22 -34.74
1.04 28.48 96.17 -218.35 709.22 -197.15 71.85 72.68 100.7 -84.9 0.7602 -0.8681 5.52 61.7 0.7617 0.6105 0 0 262.98 -29.41
-19.57 32.98 47.51 31.48 67.67 -76.3 108.86 53.72 58.9 -170.11 0.1354 0.3244 3.06 128.59 0.6877 0.492 0 0 242.3 -48.0
-0.71 31.16 92.21 450.2 -228.47 3.41 76.32 70.81 97.6 -120.43 -1.1638 0.7228 5.56 62.49 0.9211 0.9809 0 0 262.3 -31.67
-0.32 26.93 83.32 -32.9 138.61 -102.02 73.5 71.36 87.9 -139.9 0.0293 0.1749 4.35 73.9 0.7456 0.6367 0 0 263.06 -30.83
3.17 28.42 89.42 407.17 137.25 -147.29 68.03 71.08 94.5 -130.31 -0.9093 -0.2153 4.86 69.75 0.9001 0.6593 0 0 265.04 -30.31
10.26 7.42 58.93 216.18 -122.34 69.33 21.8 71.25 62.2 76.24 -1.4126 -0.1067 3.33 21.19 0.7762 0.9786 0 0 274.47 -18.52
5.51 26.58 76.79 -475.56 977.21 -188.0 62.55 68.69 82.4 -27.0 1.9705 -1.198 4.69 67.92 0.8836 0.783 0 0 268.39 -31.3
-5.69 40.0 78.26 386.93 -121.09 75.31 86.27 62.87 87.9 -94.52 -0.957 0.8009 4.67 105.34 0.8605 0.863 0 0 260.11 -40.32
3.21 36.01 81.6 103.04 -21.66 -14.2 72.27 65.14 89.9 -114.18 -0.3955 0.4584 4.82 89.23 0.8844 0.7129 0 0 266.67 -36.3
1.01 37.64 80.25 -611.11 59.99 -70.31 76.11 64.2 89.1 -212.66 1.3253 0.6197 4.97 93.88 1.0828 1.1218 0 0 265.26 -37.82
28.89 0.68 49.88 -231.58 -358.86 171.9 1.05 53.27 62.2 -19.79 -2.0299 1.0236 3.51 4.09 0.866 0.807 0 0 292.92 -9.2
8.09 27.27 60.8 -45.74 -134.11 95.44 59.0 62.36 68.6 -85.88 -0.4494 1.089 3.73 88.0 0.7078 0.5912 0 0 274.55 -35.26
0.27 43.39 62.08 33.09 111.15 -133.81 78.83 54.51 76.2 -188.18 -0.1311 0.058 4.45 126.22 1.1586 0.9704 0 0 268.38 -47.33
14.12 36.25 65.59 205.81 -64.72 57.71 58.26 56.97 78.2 -45.1 -0.8851 0.4368 4.34 97.76 0.89 0.6699 0 0 279.62 -38.85
10.36 32.14 55.3 -80.79 109.18 -33.9 59.86 56.09 66.6 -125.06 0.0369 0.3556 3.58 114.66 0.7126 0.5553 0 0 279.64 -40.09
18.88 45.35 72.86 -203.75 559.34 -223.18 59.06 54.02 90.0 -92.61 0.8116 -0.6204 4.8 118.16 1.5971 1.0112 0 0 282.02 -41.19
-8.88 58.22 61.82 351.64 -88.63 144.21 90.57 46.7 84.9 -130.93 -0.8378 0.8414 4.51 163.14 1.352 1.6325 0 0 259.58 -56.67
16.38 39.55 55.42 -21.92 -491.61 139.86 58.03 49.91 72.4 -311.78 -1.0535 1.6793 3.58 143.85 0.9777 0.887 0 0 286.79 -43.39
17.44 47.05 62.45 -185.13 378.53 -114.58 61.32 49.33 82.3 -77.02 0.6064 -0.2494 4.5 143.48 1.0384 0.847 0 0 285.48 -45.39
28.98 49.47 70.6 -594.58 -823.75 848.3 53.0 48.73 93.9 -170.98 -0.3574 3.3019 5.0 125.45 1.2413 1.6176 0 0 290.68 -41.41
41.49 37.5 61.29 637.0 389.41 -1020.13 36.99 44.5 87.4 -301.25 -0.629 -2.7621 4.93 106.11 3.1603 2.9762 0 0 300.95 -32.96
39.56 25.68 48.8 21.13 229.74 24.06 28.21 41.92 73.0 12.7 -0.0506 0.0323 3.8 79.99 0.7358 0.8771 0 0 305.19 -27.12
37.64 17.49 34.09 200.62 70.59 -258.03 20.84 34.72 59.8 -56.27 -0.8103 -1.0009 3.17 64.85 0.4887 0.6619 0 0 313.33 -21.61
33.06 52.56 62.32 828.64 -44.12 -382.86 51.8 42.96 91.4 -61.71 -1.8943 -1.0977 5.04 131.73 1.0899 1.011 0 0 298.04 -43.51
56.67 35.46 55.17 133.44 145.8 43.14 28.62 36.69 92.3 69.75 -0.3314 -0.0165 5.2 90.37 0.9449 1.0715 0 0 311.04 -27.89
16.96 48.77 50.66 -692.11 216.01 218.0 62.62 42.67 74.7 -113.37 1.7267 1.1046 4.25 156.34 1.018 1.0 0 0 292.2 -50.38
15.8 44.52 43.15 -193.53 -15.64 -98.13 61.57 40.43 66.5 -316.48 0.1783 0.416 3.58 153.87 0.9101 0.699 0 0 295.8 -51.08
42.06 51.3 52.85 478.63 -64.5 -242.02 45.53 36.31 89.2 -61.2 -1.3005 -0.6252 4.53 136.47 1.0849 0.9428 0 0 308.79 -41.35
8.47 49.67 39.3 -137.92 431.25 -383.32 71.34 36.83 65.5 -130.48 0.6474 -1.2568 3.43 176.83 1.0722 0.8177 0 0 292.23 -59.26
31.03 35.37 31.8 -4.47 112.43 -195.6 41.96 30.99 61.7 -189.92 -0.2995 -0.419 3.34 149.28 0.6538 0.6218 0 0 316.42 -39.51
15.59 37.59 29.86 176.42 -23.57 63.31 57.56 33.81 53.6 -82.92 -1.1144 0.4841 2.88 165.15 0.4755 0.5121 0 0 307.53 -51.46
24.46 61.24 47.63 -246.26 153.78 -159.89 61.85 34.42 84.2 -260.42 0.4616 -0.0605 4.27 170.41 1.0864 0.9103 0 0 304.07 -54.4
36.22 49.48 -33.43 214.24 -222.1 0.45 48.02 -26.69 74.5 -185.25 -1.3108 -0.2853 3.74 145.35 1.6665 2.0205 0 0 28.0 -30.16
27.58 49.71 -34.37 1208.42 -1512.74 -1142.6 54.18 -29.3 70.3 -68.78 -5.9986 -4.0721 3.77 149.94 2.1057 1.8551 0 0 34.42 -32.7
16.3 39.91 -26.16 -130.78 -141.54 -285.74 58.35 -29.2 53.7 -208.76 -0.3208 -1.7766 2.93 168.94 1.1264 1.2599 0 0 37.41 -35.36
19.02 43.21 -30.6 113.89 -91.47 186.81 57.7 -30.93 59.6 -288.58 -0.9425 0.1289 3.34 164.03 0.806 0.7978 0 0 38.36 -33.72
20.16 34.54 -33.8 69.54 -62.76 -34.68 50.51 -37.09 56.1 -134.07 -0.9036 -0.5788 2.86 137.09 1.2165 1.1795 0 0 38.58 -25.16
31.72 49.28 -48.99 225.05 491.7 826.84 50.92 -37.68 80.2 -242.13 -0.0265 2.2319 4.69 140.81 2.4253 2.3266 0 0 39.3 -24.99
20.01 41.02 -41.23 248.08 55.48 142.47 55.39 -39.62 64.7 -102.22 -0.9855 0.2965 3.37 130.86 1.3063 1.1387 0 0 43.56 -26.06
25.64 57.84 -53.33 789.69 -401.12 89.07 59.6 -38.51 85.7 -178.15 -2.4568 -0.0916 4.69 156.19 2.2308 2.0095 0 0 45.56 -29.01
5.48 46.16 -27.93 -73.11 -54.22 274.88 73.39 -30.13 55.7 -402.52 -0.0176 0.2873 2.98 199.21 0.7222 0.7187 0 0 51.76 -42.21
8.64 63.17 -40.42 760.58 -308.99 -233.21 74.99 -31.74 76.9 -162.83 -2.3789 -1.0519 4.32 191.65 2.3454 2.2713 0 0 54.36 -41.36
11.78 66.04 -45.7 -1165.75 388.9 225.1 73.09 -33.52 82.8 -290.36 2.9757 0.1757 4.63 176.86 3.1637 3.3768 0 0 53.47 -39.06
18.05 38.55 -48.44 -322.7 54.37 -338.6 55.64 -46.07 67.3 9.62 0.5279 -1.5312 3.34 113.73 2.3255 2.2316 0 0 48.35 -21.31
6.69 43.72 -34.01 -352.68 165.89 474.48 71.08 -36.37 57.4 -431.73 1.1713 0.964 3.11 175.97 0.9166 1.025 0 0 53.24 -35.78
2.44 57.97 -32.63 107.75 1069.48 1717.67 79.5 -28.98 67.4 -103.63 0.1732 5.94 3.86 190.29 2.5337 2.2405 0 0 57.89 -45.38
6.8 75.74 -45.6 1091.1 -49.5 563.9 78.73 -30.57 89.7 -349.4 -2.6258 1.035 4.99 193.39 2.401 2.3637 0 0 57.77 -43.66
3.91 62.08 -38.54 362.12 -30.22 -113.16 78.88 -31.37 74.1 -109.45 -1.1312 -0.5914 4.42 192.87 1.6919 1.8263 0 0 58.31 -42.96
1.47 82.14 -41.8 342.41 -281.35 -578.21 83.22 -26.83 92.7 -166.61 -0.8899 -1.6846 5.04 199.91 2.2632 2.2113 0 0 61.51 -48.43
-0.69 57.95 -31.7 13.39 -39.74 121.7 82.52 -28.5 66.5 -301.8 -0.1244 -0.1066 3.43 183.96 0.8618 0.9652 0 0 61.3 -46.66
4.06 81.93 -47.86 -626.75 162.4 -25.92 81.42 -30.03 95.7 -135.85 1.3633 -0.2575 5.05 179.59 2.8703 2.5229 0 0 60.6 -44.92
-14.77 61.04 -27.07 41.42 -60.43 -314.37 96.05 -23.82 67.1 -150.19 0.0062 -1.3137 3.6 196.91 1.2041 1.3247 0 0 79.22 -52.63
-1.21 35.75 -40.76 148.08 -81.37 262.29 78.79 -48.22 54.7 -385.24 -0.7624 -0.1867 2.74 144.43 0.8707 0.7635 0 0 64.59 -26.89
-2.23 53.29 -54.94 574.9 230.76 164.08 83.5 -45.71 76.8 -77.06 -1.5428 0.3999 4.25 154.22 1.7274 1.4093 0 0 67.46 -30.11
-0.83 59.65 -63.69 -136.53 420.91 573.59 82.86 -46.67 87.6 -304.24 0.4056 1.2108 4.35 134.28 1.4505 1.4303 0 0 67.19 -29.08
-8.41 56.15 -52.81 254.46 -210.32 23.46 90.11 -43.26 77.1 -342.47 -0.6635 -0.8209 4.04 150.01 1.8391 1.5679 0 0 72.55 -33.17
-8.33 54.0 -53.73 69.2 76.82 172.13 90.03 -44.87 76.2 -234.99 -0.1606 -0.0036 4.19 153.79 1.7207 1.3702 0 0 72.62 -31.56
-19.43 49.4 -24.12 195.42 -1.17 -57.02 102.7 -25.5 56.1 -224.97 -0.4733 -0.6713 3.01 185.43 0.5569 0.4806 0 0 88.37 -50.05
-14.88 46.62 -36.84 156.15 -158.06 -22.76 98.03 -38.06 59.8 -311.09 -0.3084 -0.9938 3.07 163.59 0.8371 0.7116 0 0 80.02 -38.3
-17.68 40.22 -28.15 -120.44 -102.84 64.81 103.12 -34.31 50.0 -286.98 0.873 -0.5321 2.66 179.42 0.9466 0.5229 0 0 86.06 -41.39
-23.06 75.12 -66.46 -1492.58 -725.94 -656.08 101.12 -40.97 101.4 -64.91 3.4586 -1.9449 5.18 178.65 2.4013 1.4408 0 0 82.52 -35.12
-10.31 30.58 -45.16 -177.07 142.23 105.19 93.75 -55.86 54.6 -131.28 0.7512 -0.0737 3.08 122.97 0.714 0.4846 0 0 75.71 -20.67
-24.52 44.38 -24.19 70.86 35.77 118.67 110.08 -27.14 53.1 -243.33 0.0613 0.0019 2.96 164.36 0.4707 0.3411 0 0 97.0 -46.39
