x [kpc]; y [kpc]; z [kpc]; vx [km/s]; vy [km/s]; vz [km/s];      l [deg]; b [deg]; dist [kpc]; vlos [km/s]; dmu_l [marcsec/yr]; dmu_b [marcsec/yr];       edist[kpc]; evlost [km/s]; edmu_l [marcsec/yr]; edmu_b [marcsec/yr];      name;
28.53 53.25 -86.29 91.96 243.84 130.39 55.33 -53.13 107.9 -71.1 -0.1305 0.2159 3.56 2.59 0.4741 0.5212 AquariusII
14.87 -0.77 61.82 125.54 -135.8 68.78 358.11 69.43 66.0 102.2 -1.2019 -0.3107 3.39 0.8 0.089 0.097 BootesI
6.9 -1.65 39.15 -361.87 -170.17 8.95 353.81 68.66 42.0 -117.1 -2.2712 1.5286 1.75 7.82 0.399 0.3709 BootesII
2.48 35.73 206.69 -71.28 102.65 67.43 73.21 79.76 210.0 30.9 0.0381 0.1683 6.12 0.7 0.0868 0.0901 CanesVenaticiI
-15.85 18.63 158.76 -0.94 -210.19 -69.93 112.08 82.78 160.0 -128.9 0.2399 0.5321 7.46 1.39 0.2526 0.2141 CanesVenaticiII
-8.35 -35.74 -10.99 132.89 -302.66 160.77 269.92 -17.14 37.4 477.2 0.6914 1.7362 0.44 1.31 0.0898 0.0884 CarinaII
-8.33 -26.61 -8.03 -9.21 -158.79 356.29 269.94 -16.85 27.8 284.6 -0.1511 3.4211 0.64 3.46 0.159 0.1513 CarinaIII
-10.35 -4.12 41.78 259.87 -12.53 92.84 243.51 83.71 42.0 98.1 1.6935 -0.5464 1.65 0.94 0.1218 0.1186 ComaBerenicesI
11.48 -85.08 78.62 -37.24 105.47 0.02 283.09 41.98 117.5 87.5 -0.141 -0.1588 1.25 0.41 0.0722 0.0721 CraterII
-4.25 62.35 43.3 51.78 -2.46 -152.2 86.28 34.7 76.0 -291.0 -0.1571 0.021 6.44 0.11 0.041 0.0144 DracoI
-10.36 14.5 13.65 22.88 86.43 -333.44 98.1 42.91 20.0 -347.6 0.1117 -1.498 3.43 1.88 0.3102 0.3067 DracoII
-41.54 -50.95 -133.79 40.64 -133.22 82.86 236.88 -65.56 147.0 55.3 0.3315 0.4368 9.9 0.11 0.0393 0.0388 Fornax
50.26 -23.0 -102.39 112.09 81.49 266.43 338.56 -58.44 120.2 -140.5 -0.2011 0.4676 12.72 2.0 0.2274 0.2154 GrusI
84.6 50.76 78.89 126.08 5.61 101.05 28.65 36.68 132.0 45.2 -0.4228 0.1331 6.25 1.23 0.1127 0.1288 Hercules
48.25 -117.36 76.38 -164.99 -99.2 209.2 295.73 30.37 151.0 303.1 -0.4299 0.0788 8.51 1.49 0.526 0.4501 HydraII
1.82 -19.63 -16.52 -143.6 -186.48 289.48 297.28 -36.84 27.6 80.4 -2.5597 3.1557 0.52 0.64 0.0564 0.053 HydrusI
-125.02 -121.52 195.67 -138.94 -41.66 112.98 226.15 49.26 258.2 282.5 0.0734 -0.1356 10.44 0.11 0.0705 0.0808 LeoI
-76.43 -58.17 215.12 40.91 41.83 46.99 220.49 67.39 233.0 78.5 0.1569 -0.0771 15.67 0.61 0.1007 0.0851 LeoII
-14.59 -84.72 128.48 -212.95 -236.88 -162.42 265.75 56.52 154.0 132.3 -0.2573 -0.6953 5.62 1.68 0.5353 0.4409 LeoIV
-20.57 -89.39 147.64 176.44 -270.18 -88.83 262.19 58.56 173.0 172.1 0.285 -0.5679 4.82 2.26 0.5216 0.4562 LeoV
14.52 122.36 -134.12 316.33 -225.62 -60.39 79.43 -47.15 183.0 -226.5 -0.4452 -0.396 16.48 2.7 0.6498 0.5776 PiscesII
-9.7 -20.26 -23.92 14.65 -108.76 220.63 266.04 -49.71 31.4 64.8 0.1876 2.7303 1.42 0.56 0.0631 0.0564 ReticulumII
16.77 2.45 -6.42 234.03 -22.87 207.86 5.57 -14.37 26.0 140.0 -2.3326 1.9712 2.11 2.07 0.0393 0.0386 SagittariusI
-5.59 -9.53 -83.28 16.52 169.46 -96.2 285.88 -83.22 83.9 111.4 -0.0383 0.1526 1.61 0.11 0.0383 0.0404 Sculptor
-19.38 -9.52 17.8 -98.37 -213.51 -36.27 220.65 50.58 23.0 208.5 2.5311 -2.9546 2.24 0.99 0.168 0.228 Segue1
-33.17 14.64 -22.48 -164.45 57.37 145.02 149.52 -37.96 36.6 -40.2 1.4414 0.8263 2.48 0.97 0.1631 0.1347 Segue2
-38.61 -61.26 62.36 -229.17 79.72 61.45 243.68 42.37 92.5 224.2 -0.3247 -0.299 2.42 0.11 0.0474 0.0484 Sextans
-28.5 16.38 -11.37 221.57 10.68 249.48 140.96 -23.67 28.4 -381.7 0.3627 0.7219 1.69 1.12 0.2134 0.1929 TriangulumII
21.33 -18.59 -45.61 -241.31 -69.27 133.74 327.89 -52.53 57.5 -129.1 -1.4664 0.1449 5.82 3.75 0.0803 0.0857 TucanaII
1.53 -9.77 -20.78 29.16 126.12 194.18 315.16 -56.33 25.0 -102.3 -0.5993 1.5493 2.09 0.42 0.0529 0.0529 TucanaIII
-61.06 19.89 79.33 -192.3 -156.63 -95.36 159.34 54.59 97.3 -55.3 0.9688 -0.2153 6.42 1.57 0.1402 0.1223 UrsaMajorI
-32.65 12.74 21.21 170.52 -105.49 209.99 152.39 37.63 34.7 -116.5 1.4347 2.102 2.26 1.98 0.0858 0.0682 UrsaMajorII
-22.04 52.08 53.64 -4.84 39.75 -148.18 104.78 44.87 76.0 -246.9 0.1876 0.0734 4.29 0.12 0.0478 0.0452 UrsaMinor
-27.56 7.61 31.89 81.89 24.1 87.34 158.45 56.97 38.0 -12.8 0.9924 0.9251 7.48 1.12 0.3437 0.2701 Willman1
-19.72 -128.95 25.82 -82.27 -36.65 50.37 264.94 11.27 132.0 290.9 -0.109 -0.0223 10.59 0.54 0.0364 0.0399 Antlia2
-87.81 -213.1 -286.71 -354.18 141.68 88.27 249.54 -51.58 366.0 75.6 -0.1766 0.1301 41.08 2.61 0.2681 0.2801 EridanusII
-108.07 -125.63 -88.01 -40.76 134.05 -88.53 231.54 -28.76 183.0 150.0 0.0322 -0.0311 18.79 11.38 0.3352 0.2847 ColumbaI
23.83 -5.03 -41.82 -118.61 -120.03 90.76 351.1 -52.14 53.0 -110.0 -1.5122 -0.0217 5.8 0.54 0.1377 0.1028 GrusII
-4.19 -64.17 -65.77 699.5 192.51 -283.78 273.67 -45.66 92.0 275.0 1.5676 -0.3095 10.15 10.37 0.3987 0.3502 ReticulumIII
10.3 -19.89 -39.5 6.95 -134.56 176.65 313.07 -55.43 48.0 15.9 -1.1501 1.4135 5.3 2.0 0.2372 0.2553 TucanaIV
16.18 -23.54 -43.5 181.25 136.07 207.33 316.13 -52.04 55.21 -36.2 0.1526 1.0656 5.75 2.63 0.3423 0.3671 TucanaV
