x [kpc]; y [kpc]; z [kpc]; vx [km/s]; vy [km/s]; vz [km/s];      l [deg]; b [deg]; dist [kpc]; vlos [km/s]; dmu_l [marcsec/yr]; dmu_b [marcsec/yr];       edist[kpc]; evlost [km/s]; edmu_l [marcsec/yr]; edmu_b [marcsec/yr]
-6.44 -2.58 -3.15 -76.8 163.75 45.6 305.73 -45.01 4.5 -17.21 -5.5482 1.7355 0.1 0.19 0.0421 0.0418
-8.42 0.05 -8.87 -8.74 -53.32 50.8 158.34 -89.19 8.9 -44.83 6.7282 -2.1518 0.19 0.14 0.055 0.0595
-5.21 -5.07 -6.19 -90.12 -101.63 -69.78 301.35 -46.36 8.6 223.26 -6.5339 3.0042 0.18 0.31 0.0561 0.0564
-22.4 4.65 -26.15 225.87 52.8 7.47 161.73 -60.44 30.1 -130.41 0.8023 -1.6082 0.63 2.09 0.1159 0.1198
-8.25 -10.01 -12.84 75.53 49.58 68.48 270.27 -52.13 16.3 71.36 0.8218 2.4781 0.32 0.25 0.065 0.0565
-15.04 8.03 3.67 63.52 196.36 -19.97 130.01 19.16 11.1 -75.41 -0.178 -0.0496 0.26 0.23 0.0812 0.0894
-25.13 -80.07 -92.21 118.34 -72.56 104.94 258.13 -48.43 123.3 118.0 0.291 0.4795 2.55 15.29 0.184 0.1424
-61.75 -41.75 -59.28 90.34 15.54 132.97 217.99 -41.17 90.1 -23.79 0.5362 0.3423 1.94 1.16 0.0922 0.0861
-34.81 4.42 -4.16 108.07 -14.89 3.15 170.54 -8.87 27.2 -135.97 1.8587 -0.1967 0.57 1.56 0.0765 0.0761
-12.59 -8.94 -6.9 -85.3 -74.12 -81.49 244.38 -34.95 12.1 320.3 0.8842 2.0148 0.25 0.27 0.056 0.0589
-15.96 -8.25 -6.27 -45.94 -22.45 4.52 227.15 -29.21 12.9 205.84 2.2822 1.8307 0.26 0.19 0.0596 0.0625
-12.59 -9.46 -2.93 93.13 18.16 77.07 245.57 -15.92 10.8 146.18 3.2847 2.2326 0.25 0.77 0.0666 0.0665
-82.88 -0.48 35.52 4.27 35.19 -58.05 180.37 25.45 82.6 -20.67 0.5338 -0.1596 1.82 0.34 0.0668 0.0658
-14.18 -38.66 4.85 113.26 209.81 186.48 261.34 7.03 39.4 40.46 0.5685 0.9401 0.88 0.24 0.0768 0.0689
-6.32 -9.2 -1.85 55.37 141.09 28.3 282.15 -11.3 9.6 103.9 0.4739 0.9276 0.2 0.34 0.0549 0.052
-5.41 -7.09 -2.62 -226.63 105.13 104.73 292.2 -19.1 8.1 4.93 -7.1011 2.7309 0.17 0.46 0.0646 0.0696
-42.37 -59.74 61.89 13.45 158.95 66.8 240.3 41.97 92.5 94.04 0.101 -0.0102 2.1 0.85 0.1719 0.1576
-7.69 -4.81 0.76 256.41 -206.77 149.77 277.26 8.61 4.9 494.34 8.0223 2.9814 0.11 0.14 0.0458 0.0468
-39.33 -12.89 103.41 34.55 -35.85 55.5 202.55 71.99 108.7 72.4 0.5194 -0.1293 2.39 0.27 0.1897 0.1236
0.24 -96.97 107.5 68.09 79.35 54.03 275.03 47.83 145.0 148.3 0.0615 -0.1368 3.18 1.04 0.2846 0.2201
-9.49 -4.09 18.85 -41.48 -32.64 127.83 253.72 77.25 19.3 179.52 0.2966 -2.6996 0.41 0.36 0.064 0.0733
-5.36 -4.9 -0.98 -101.33 74.85 67.72 300.96 -9.99 5.8 75.59 -6.6759 2.7174 0.12 0.3 0.0563 0.0535
2.37 -17.82 4.28 -122.14 216.25 32.89 300.92 11.56 21.2 -38.42 -1.2805 0.3386 0.47 0.31 0.0681 0.0648
-4.16 -7.24 6.08 -169.68 280.82 16.38 299.76 35.95 10.3 -92.99 -2.8424 1.6119 0.22 0.23 0.0623 0.0612
-4.69 -5.44 -0.9 -98.58 -65.1 -41.65 303.58 -8.13 6.6 201.99 -8.3889 -0.6566 0.14 0.41 0.06 0.0574
-5.4 -1.45 17.63 55.19 148.63 -71.76 333.47 79.58 17.9 -62.85 -0.7761 -1.1205 0.37 0.29 0.0533 0.056
-5.2 -1.37 17.1 52.32 139.98 34.98 336.13 78.76 17.4 42.77 -0.9535 -0.8844 0.37 0.25 0.0604 0.062
-5.13 -3.9 1.36 98.97 -26.56 -80.06 309.15 14.84 5.2 234.28 -4.1703 -6.1814 0.12 0.27 0.0412 0.0455
-6.78 1.34 10.03 64.39 121.08 -134.56 41.53 78.55 10.2 -147.28 -2.6375 0.2644 0.23 0.36 0.045 0.0529
-0.65 -8.6 2.15 60.26 203.8 10.17 311.64 10.43 11.7 62.38 0.1778 -0.1534 0.26 0.41 0.0622 0.0616
-4.89 3.03 15.37 -219.66 -42.69 226.81 41.68 73.44 16.0 106.93 -0.8022 5.4143 0.32 0.19 0.0591 0.0554
7.43 -5.02 19.07 -59.16 -18.6 -25.35 342.28 49.06 25.2 -16.07 -2.2748 -0.2613 0.52 0.6 0.0652 0.0656
18.19 -14.62 17.62 -117.0 138.13 -165.62 331.11 30.18 35.0 -139.55 -0.9329 -0.7161 0.8 0.5 0.0739 0.0696
2.36 -14.0 -6.58 32.66 241.77 -61.94 307.29 -20.6 18.8 38.41 0.1757 -0.6674 0.41 0.35 0.0689 0.067
18.14 -13.71 12.0 -97.17 -71.0 -182.41 332.59 21.89 32.1 -25.24 -2.1666 -1.2765 0.7 0.58 0.0645 0.0611
7.92 0.24 16.62 -49.25 -173.77 -9.67 0.85 45.65 23.2 -58.6 -3.7922 0.3251 0.48 0.22 0.0725 0.0663
2.04 -3.17 6.3 -33.55 -138.36 89.75 342.98 30.1 12.5 101.31 -6.3944 0.6183 0.29 0.26 0.0622 0.0648
-3.16 0.35 5.48 301.36 81.78 -182.49 3.84 46.59 7.5 53.7 -5.1062 -9.3622 0.16 0.27 0.0475 0.0508
-1.89 -4.22 0.66 -196.32 119.03 5.67 326.61 4.69 7.7 -104.07 -5.9911 0.1904 0.16 0.3 0.0671 0.0651
0.63 -5.67 0.77 -20.34 -49.06 108.28 327.59 4.02 10.6 137.41 -5.2629 1.8234 0.23 1.48 0.0696 0.0681
7.76 -9.87 1.4 -230.11 -137.52 1.13 328.42 4.16 18.9 -6.0 -5.0397 -0.0636 0.4 15.1 0.0748 0.0739
1.03 -3.95 2.38 -7.05 -77.58 -14.03 337.04 13.08 10.4 101.18 -6.154 -0.9199 0.22 0.49 0.0603 0.0728
-0.1 -4.78 -0.26 -229.94 -94.74 -137.71 329.78 -1.77 9.5 -33.14 -9.198 -3.243 0.19 1.1 0.0731 0.07
41.58 27.26 51.23 107.08 39.14 130.97 28.66 42.01 76.5 72.3 -0.6232 0.2796 1.6 0.15 0.0845 0.0887
-1.47 -4.14 -0.39 -127.65 -9.38 -88.96 328.76 -2.97 8.0 17.86 -7.6152 -2.5158 0.18 0.86 0.0661 0.0734
1.06 -1.2 3.33 9.36 -46.82 -60.78 352.68 19.26 10.0 10.93 -6.0943 -1.6006 0.23 0.4 0.0627 0.0671
-6.21 -0.33 0.63 51.81 0.59 -8.92 350.98 15.77 2.2 71.05 -22.461 -3.5348 0.05 0.09 0.0467 0.0507
2.65 -9.96 -4.21 299.2 81.17 -196.02 317.71 -15.98 15.4 366.33 1.0033 -1.4594 0.32 0.34 0.0573 0.0527
0.19 -1.2 2.41 184.0 86.24 42.52 351.94 15.5 8.9 195.74 -3.133 -0.4188 0.19 0.82 0.0641 0.0638
1.26 -3.04 1.22 -69.62 -40.22 137.27 342.37 6.74 10.1 24.41 -6.1726 2.6741 0.22 1.06 0.0664 0.0659
-0.47 -2.08 1.31 -186.34 93.68 99.52 345.09 8.99 8.2 -135.76 -5.0499 2.9555 0.17 0.65 0.0714 0.0718
-2.41 0.35 2.51 14.31 64.81 -64.78 3.37 22.8 6.4 -34.68 -5.91 -2.095 0.14 0.19 0.058 0.0659
-0.26 -1.14 1.74 18.07 8.96 -103.65 351.92 11.89 8.3 16.27 -5.8953 -2.9675 0.19 0.53 0.0778 0.0806
-5.52 4.6 4.67 -32.57 -18.8 -79.96 58.85 40.81 7.1 -244.49 -2.9317 2.8483 0.15 0.49 0.0549 0.0506
-1.68 22.32 19.74 3.36 18.82 50.56 73.47 40.25 30.5 -138.64 -0.3922 1.2041 0.68 0.8 0.0681 0.0686
-4.15 1.17 2.14 44.77 115.29 -81.71 15.69 26.11 4.8 -41.35 -5.856 -3.463 0.1 0.22 0.0585 0.0542
1.79 -3.84 -0.36 -37.57 82.65 200.94 339.19 -2.05 10.8 5.0 -3.2881 3.7891 0.25 10.14 0.107 0.1138
2.89 -0.21 2.68 143.74 -220.37 -40.12 358.92 13.31 11.5 126.68 -8.475 -1.4426 0.25 0.33 0.0654 0.066
-4.39 1.06 1.74 116.35 98.12 47.13 15.11 22.88 4.4 74.02 -8.0787 0.578 0.1 0.35 0.0486 0.0494
1.75 -2.17 0.59 -128.36 102.91 97.65 347.79 3.1 10.3 -101.37 -3.4329 1.9668 0.21 1.28 0.0733 0.0802
30.66 13.28 18.47 139.62 54.01 49.45 18.82 24.14 45.1 72.27 -1.0361 0.0648 0.91 1.88 0.0804 0.0808
-1.59 -0.75 0.87 -89.67 80.35 69.28 353.58 7.11 6.8 -73.49 -5.4019 2.2235 0.14 0.76 0.0567 0.0598
0.37 -0.47 1.43 129.38 213.14 178.28 356.87 9.18 8.8 145.54 -0.5896 3.5893 0.19 0.59 0.0637 0.0626
6.77 -0.43 2.62 14.53 -10.39 111.62 358.35 9.73 15.3 28.26 -3.5078 1.3932 0.3 1.04 0.0644 0.0704
0.93 0.02 1.79 -302.49 45.75 80.39 0.13 10.82 9.4 -294.74 -4.4382 2.9348 0.21 1.8 0.0649 0.0706
1.11 -0.39 1.29 -117.35 114.17 -157.05 357.62 7.63 9.5 -143.66 -3.0039 -3.2536 0.2 0.43 0.0681 0.0659
-2.44 -0.43 0.56 -110.09 162.78 72.16 355.83 5.17 5.9 -108.62 -3.2202 2.6817 0.12 0.4 0.0644 0.0665
2.04 -0.51 1.04 87.55 -85.86 85.99 357.18 5.56 10.4 99.81 -6.6108 1.4075 0.24 0.82 0.0671 0.0765
-5.77 6.33 4.76 -26.14 35.73 94.7 68.2 34.78 8.3 -120.48 -1.0888 4.8328 0.17 0.32 0.0555 0.0485
-0.57 0.13 1.09 38.69 -206.3 79.38 0.97 7.8 7.8 29.54 -12.1955 1.8595 0.16 0.66 0.0767 0.0741
-0.57 0.75 1.47 328.82 127.94 66.79 5.54 10.5 7.9 310.75 -3.9098 0.0789 0.15 2.24 0.0577 0.0696
0.05 0.72 1.44 161.37 -47.78 -32.19 4.9 9.52 8.5 116.56 -7.5389 -1.4775 0.18 0.81 0.07 0.0637
6.47 1.74 2.66 73.57 -102.53 109.56 6.72 10.01 15.1 38.93 -4.9132 1.3554 0.3 1.88 0.0655 0.0621
0.86 -0.07 0.87 -197.36 113.48 144.74 359.59 5.22 9.2 -194.13 -3.0326 3.5724 0.19 0.86 0.0744 0.0736
-3.04 -1.77 -0.69 -150.13 162.13 7.45 341.41 -7.36 5.6 -125.63 -4.8676 -0.6038 0.11 1.07 0.0572 0.0605
14.86 6.86 6.48 -62.32 14.37 -19.24 16.51 14.95 25.0 -137.97 -1.6836 0.0794 0.56 2.22 0.0834 0.0871
-0.82 -0.48 0.3 127.14 8.51 -44.39 356.32 2.09 7.5 128.96 -6.4071 -1.5859 0.16 1.2 0.0888 0.0876
-5.1 1.06 0.99 -65.24 138.37 -61.73 18.39 15.84 3.5 -120.65 -4.6036 -2.2585 0.08 0.21 0.0578 0.053
-1.12 -0.5 0.17 -44.11 50.76 97.07 356.02 1.1 7.2 -39.93 -5.7669 2.6544 0.17 4.0 0.0868 0.0897
-0.11 -0.37 0.3 49.04 -35.09 -287.31 357.43 1.91 8.2 40.61 -7.1346 -7.6166 0.17 1.43 0.0824 0.0729
-2.33 -4.1 -2.29 -115.79 34.05 100.13 325.52 -17.74 7.6 -14.58 -6.8028 2.5773 0.16 0.19 0.0563 0.0542
2.42 -1.86 -0.66 -28.16 53.25 14.27 350.18 -3.62 10.9 -6.54 -3.7715 0.1281 0.25 1.66 0.0692 0.0729
-1.61 -0.29 0.12 60.99 62.45 5.0 357.56 0.78 6.7 57.55 -5.6514 -0.0955 0.15 1.68 0.0882 0.0887
-0.22 -1.31 -0.49 -182.05 132.55 201.17 350.79 -3.63 8.2 -184.72 -3.6311 4.6973 0.18 1.11 0.0742 0.0725
1.22 -2.45 -1.17 54.39 89.06 -15.91 345.55 -6.94 9.9 82.85 -2.9717 -0.2824 0.23 0.52 0.0603 0.0622
0.08 3.27 2.38 47.8 -33.49 22.48 21.3 14.61 9.3 -60.71 -6.1714 0.716 0.21 0.5 0.0614 0.0605
2.26 0.64 0.73 -97.53 224.49 161.06 3.45 3.77 10.6 -99.26 -0.2622 3.1978 0.23 3.5 0.0727 0.0787
-6.21 -0.84 -0.45 -52.35 109.33 -120.45 338.15 -12.15 2.3 18.39 -13.6498 -11.6166 0.05 0.11 0.0454 0.0486
-2.51 0.21 0.19 192.78 -7.46 152.01 2.09 1.57 5.8 176.28 -9.3893 5.0909 0.13 1.65 0.082 0.0827
9.17 9.31 5.73 -12.43 -157.3 -25.45 28.06 16.05 20.6 -210.51 -3.5152 0.2717 0.44 0.53 0.0692 0.07
-1.42 0.46 0.21 -58.54 80.53 -30.91 3.84 1.48 6.9 -81.4 -4.851 -1.1027 0.16 1.43 0.1197 0.1145
0.11 1.14 0.56 -34.13 82.14 -39.05 7.73 3.6 8.5 -69.39 -3.8353 -1.0431 0.17 1.06 0.0743 0.0761
3.18 -1.3 -1.02 -10.71 -79.21 -20.89 353.53 -5.21 11.6 17.27 -5.8891 -0.4851 0.24 1.02 0.0646 0.0624
-1.51 -0.17 -0.25 142.57 -47.05 41.7 358.57 -2.37 6.8 137.15 -8.9317 1.2455 0.15 1.82 0.1667 0.2103
3.24 -0.86 -0.8 -112.32 -21.84 -158.41 355.72 -4.08 11.6 -91.16 -4.9927 -3.1384 0.25 3.26 0.0743 0.0712
2.58 -2.31 -1.97 -240.9 -226.61 -58.65 348.02 -10.22 11.3 -134.72 -9.5748 -1.7032 0.25 0.28 0.0675 0.0658
-1.22 0.45 -0.24 54.05 -8.13 -53.41 3.6 -2.2 7.1 29.31 -7.5635 -1.7703 0.16 3.23 0.0765 0.0775
-2.01 0.3 -0.27 -135.91 165.35 -44.0 2.76 -2.72 6.3 -148.05 -2.4011 -1.953 0.13 1.53 0.0777 0.0835
1.64 3.47 1.24 53.39 23.87 -33.68 19.22 6.57 10.6 -37.07 -4.4181 -0.7351 0.25 1.65 0.0706 0.0716
-2.52 0.45 -0.18 -36.33 88.92 142.31 4.42 -2.07 5.8 -64.11 -5.4989 4.8309 0.12 3.15 0.0824 0.0925
-0.62 0.14 -0.52 -14.2 85.58 -189.26 1.02 -4.13 7.7 -13.9 -4.3335 -5.4249 0.17 0.73 0.0701 0.0769
-2.35 3.05 1.24 -122.41 11.04 45.38 27.16 10.25 6.8 -214.85 -4.5461 2.4074 0.15 0.5 0.0724 0.0686
-0.42 0.16 -0.57 223.38 24.67 -32.61 1.14 -4.38 7.9 210.31 -5.9743 -0.6372 0.18 0.85 0.0847 0.086
-1.06 2.75 0.92 110.28 30.88 171.2 20.79 6.58 7.8 35.69 -6.3463 4.3519 0.16 0.56 0.0662 0.0664
-3.02 0.3 -0.3 2.3 136.19 56.66 3.29 -3.52 5.3 -17.98 -4.2732 1.9263 0.12 0.85 0.0855 0.0844
-5.32 0.3 -0.1 -5.81 -5.67 -90.08 5.84 -2.41 3.0 -38.12 -17.3601 -6.9628 0.07 0.78 0.0651 0.0641
-1.08 -1.37 -1.45 -227.73 9.98 -110.94 349.28 -11.39 7.5 -163.97 -7.7235 -4.3201 0.16 0.5 0.0596 0.0612
12.03 -4.73 -4.7 22.26 -38.24 -83.67 346.89 -12.77 21.4 93.2 -2.6869 -0.7107 0.49 0.35 0.0826 0.0901
-2.33 0.55 -0.31 11.78 237.46 -4.51 5.25 -3.24 6.0 0.72 -0.2397 -0.4127 0.14 0.44 0.0649 0.0714
-0.94 0.03 -0.77 -184.29 85.8 15.75 0.2 -6.23 7.4 -195.7 -4.497 -0.3652 0.16 0.72 0.0708 0.0676
-3.31 2.0 0.55 202.25 180.89 26.8 21.82 5.48 5.4 155.06 -5.0731 0.1865 0.12 0.72 0.0656 0.0609
-3.55 0.7 -0.16 126.05 139.19 96.91 8.36 -2.31 4.8 94.77 -5.3018 4.111 0.11 1.04 0.0734 0.0766
2.52 0.09 -1.28 -33.3 -187.34 25.2 0.48 -6.89 10.9 -49.83 -8.3448 0.2334 0.25 0.56 0.068 0.0668
-1.84 0.38 -0.59 -29.7 196.84 -138.73 3.36 -5.48 6.5 -29.38 -1.4579 -4.8505 0.14 0.59 0.0794 0.0884
4.01 -3.97 -3.83 70.18 -220.11 -238.23 342.12 -16.61 13.5 260.64 -6.6221 -2.7879 0.28 1.72 0.0628 0.0638
-0.49 0.38 -1.09 58.93 17.38 -119.45 2.79 -8.12 7.9 54.26 -6.1126 -3.2107 0.17 0.49 0.0726 0.0638
-2.88 0.74 -0.52 40.56 36.38 -93.32 7.8 -5.79 5.5 11.11 -8.0517 -3.8338 0.12 0.64 0.0687 0.0613
0.93 1.28 -1.17 51.41 34.5 25.8 7.9 -7.36 9.4 8.63 -4.7863 0.4448 0.21 2.09 0.0713 0.0696
0.35 0.26 -1.57 82.09 -64.79 84.28 1.72 -10.48 8.8 46.63 -7.4556 2.0844 0.18 1.6 0.0686 0.0679
-0.37 1.37 -0.91 -5.06 102.6 -49.65 9.82 -6.64 8.1 -33.23 -3.5627 -1.5926 0.17 1.23 0.0704 0.0703
1.49 0.26 -1.98 -47.6 -48.6 175.93 1.53 -11.58 10.0 -99.04 -6.1418 3.204 0.22 0.53 0.069 0.0716
-5.18 0.54 -0.4 -154.31 206.12 -142.33 9.9 -7.76 3.2 -147.76 -0.6016 -11.2781 0.08 0.33 0.053 0.0506
4.02 3.1 -1.53 54.51 -117.02 -29.58 14.11 -7.0 12.8 -41.14 -5.9483 -0.6947 0.28 1.9 0.0637 0.0695
0.47 0.44 -1.95 199.35 96.89 -176.19 2.86 -12.72 9.0 216.62 -3.6691 -3.2618 0.2 0.87 0.0609 0.0636
-2.08 2.95 -0.51 -63.62 122.02 -146.14 25.36 -4.51 6.9 -107.45 -2.398 -4.9628 0.15 0.32 0.0654 0.0663
17.26 2.51 -6.51 237.7 -26.64 208.99 5.61 -14.29 26.5 143.06 -2.3223 1.9473 0.58 0.59 0.0582 0.0589
-1.51 1.55 -1.34 90.2 62.06 24.67 12.89 -11.1 7.1 32.45 -5.8004 0.7167 0.14 1.51 0.0762 0.0673
-0.0 0.01 -2.59 -101.59 165.66 -37.23 0.07 -17.51 8.7 -94.18 -1.9021 -1.8512 0.19 0.29 0.0576 0.0597
-1.93 4.66 -0.3 110.47 9.09 1.88 36.21 -2.37 7.9 -58.44 -6.6338 -0.2083 0.17 1.01 0.0629 0.0605
-5.0 -1.44 -1.71 -26.89 166.78 59.58 336.45 -25.82 4.0 -26.28 -4.5451 2.3949 0.08 0.18 0.0496 0.0482
-2.34 4.35 -0.5 85.59 138.74 -15.0 36.12 -4.09 7.4 -0.42 -3.6809 -0.6367 0.15 1.82 0.0619 0.0646
-4.02 8.26 1.38 -80.72 120.83 99.82 62.63 8.24 9.4 -136.97 0.5568 2.5442 0.21 0.49 0.0671 0.066
13.05 1.27 -7.87 261.92 -12.22 183.86 3.39 -20.27 22.8 159.45 -2.5059 2.2868 0.5 0.16 0.0738 0.0722
-4.71 4.67 0.3 171.13 80.35 20.18 52.43 2.6 5.9 -31.7 -8.1078 0.5143 0.13 0.24 0.0666 0.0694
18.1 3.97 -10.21 252.26 -26.03 180.59 8.56 -20.99 28.6 123.01 -2.2359 1.7175 0.64 0.36 0.0708 0.0773
-3.41 0.76 -2.12 210.5 19.29 -56.13 8.81 -23.48 5.4 174.4 -9.8761 0.2597 0.12 0.26 0.0532 0.0548
15.46 2.4 -10.99 271.76 -7.58 159.97 5.77 -24.76 26.3 148.53 -2.2197 1.8986 0.58 0.18 0.0638 0.0663
2.66 6.8 -3.61 123.19 -77.33 -7.35 31.84 -15.75 13.4 -67.64 -5.2315 -0.5392 0.28 0.83 0.075 0.0705
-6.11 3.33 -0.3 63.65 186.2 39.13 56.76 -4.68 4.0 -22.27 -3.9954 1.5908 0.09 0.21 0.0601 0.0581
9.32 6.53 -9.11 -70.26 -83.39 48.58 20.34 -25.94 20.9 -189.08 -2.8152 -0.4644 0.45 1.24 0.0665 0.0656
0.75 11.65 -5.05 84.36 -306.83 121.64 52.16 -19.02 15.6 -406.22 -5.3537 -0.2573 0.36 0.81 0.0643 0.0613
3.36 8.24 -9.19 -61.93 -153.2 170.64 35.24 -32.85 17.0 -331.39 -3.505 -0.2419 0.36 1.66 0.065 0.0663
8.83 34.86 -13.72 -65.89 -139.95 86.41 63.83 -19.5 41.2 -383.47 -0.5136 -0.2652 0.88 0.8 0.0704 0.0698
-4.41 8.38 -4.76 100.77 50.36 -27.25 65.11 -27.4 10.4 -106.76 -3.3049 -1.9106 0.21 0.26 0.0596 0.054
-2.76 7.49 -6.71 -76.28 141.46 -172.39 53.49 -35.89 11.5 -3.72 0.1666 -4.1169 0.24 0.36 0.0603 0.0597
-3.39 2.53 -5.9 -7.12 -75.66 108.66 27.28 -47.02 8.1 -185.19 -7.187 -1.3014 0.17 0.19 0.0546 0.0586
2.67 6.49 -14.06 337.37 5.07 113.41 30.63 -47.86 19.0 27.91 -4.1302 2.0991 0.42 0.32 0.077 0.0741
-7.4 19.08 -17.61 -168.78 210.21 -76.91 87.29 -42.71 26.0 25.87 1.4447 -0.7356 0.55 0.28 0.1101 0.1032
-1.38 9.43 -23.53 -0.52 -99.49 63.56 53.72 -63.6 26.3 -176.7 -1.5562 -1.8393 0.56 0.28 0.069 0.0728
